# Force       
# CofR        : (0.000000e+00 0.000000e+00 0.000000e+00)
#
# Time        	(total_x total_y total_z)	(pressure_x pressure_y pressure_z)	(viscous_x viscous_y viscous_z)
21.025        	(2.596685e+01 3.724610e-03 7.855295e-22)	(2.597419e+01 3.248363e-03 0.000000e+00)	(-7.334047e-03 4.762475e-04 7.855295e-22)
21.05         	(2.596496e+01 4.124010e-03 7.850902e-22)	(2.597222e+01 3.646547e-03 0.000000e+00)	(-7.260688e-03 4.774634e-04 7.850902e-22)
21.075        	(2.596256e+01 3.651533e-03 7.846293e-22)	(2.596975e+01 3.174330e-03 0.000000e+00)	(-7.187359e-03 4.772028e-04 7.846293e-22)
21.1          	(2.596019e+01 4.162364e-03 7.841764e-22)	(2.596730e+01 3.683588e-03 0.000000e+00)	(-7.117598e-03 4.787758e-04 7.841764e-22)
21.125        	(2.595818e+01 3.540335e-03 7.837264e-22)	(2.596523e+01 3.062041e-03 0.000000e+00)	(-7.051635e-03 4.782947e-04 7.837264e-22)
21.15         	(2.595663e+01 4.178886e-03 7.832888e-22)	(2.596362e+01 3.699050e-03 0.000000e+00)	(-6.987769e-03 4.798357e-04 7.832888e-22)
21.175        	(2.595425e+01 3.608939e-03 7.828302e-22)	(2.596118e+01 3.129186e-03 0.000000e+00)	(-6.926314e-03 4.797526e-04 7.828302e-22)
21.2          	(2.595219e+01 4.029600e-03 7.823985e-22)	(2.595905e+01 3.549021e-03 0.000000e+00)	(-6.867209e-03 4.805790e-04 7.823985e-22)
21.225        	(2.594969e+01 3.710343e-03 7.819419e-22)	(2.595650e+01 3.229685e-03 0.000000e+00)	(-6.811035e-03 4.806580e-04 7.819419e-22)
21.25         	(2.594693e+01 3.962349e-03 7.814957e-22)	(2.595368e+01 3.480978e-03 0.000000e+00)	(-6.757544e-03 4.813712e-04 7.814957e-22)
21.275        	(2.594492e+01 3.832061e-03 7.810437e-22)	(2.595163e+01 3.350049e-03 0.000000e+00)	(-6.705158e-03 4.820113e-04 7.810437e-22)
21.3          	(2.594218e+01 3.884853e-03 7.806131e-22)	(2.594883e+01 3.402248e-03 0.000000e+00)	(-6.655876e-03 4.826046e-04 7.806131e-22)
21.325        	(2.593877e+01 3.812790e-03 7.801501e-22)	(2.594538e+01 3.329755e-03 0.000000e+00)	(-6.610284e-03 4.830348e-04 7.801501e-22)
21.35         	(2.593527e+01 3.891230e-03 7.796879e-22)	(2.594184e+01 3.407504e-03 0.000000e+00)	(-6.567549e-03 4.837260e-04 7.796879e-22)
21.375        	(2.593214e+01 3.834421e-03 7.792396e-22)	(2.593867e+01 3.350229e-03 0.000000e+00)	(-6.527072e-03 4.841915e-04 7.792396e-22)
21.4          	(2.592853e+01 3.879773e-03 7.787877e-22)	(2.593502e+01 3.395044e-03 0.000000e+00)	(-6.489333e-03 4.847286e-04 7.787877e-22)
21.425        	(2.592517e+01 3.788934e-03 7.783493e-22)	(2.593162e+01 3.303993e-03 0.000000e+00)	(-6.454637e-03 4.849404e-04 7.783493e-22)
21.45         	(2.592106e+01 3.854453e-03 7.778918e-22)	(2.592748e+01 3.369044e-03 0.000000e+00)	(-6.422691e-03 4.854087e-04 7.778918e-22)
21.475        	(2.591745e+01 3.906970e-03 7.774418e-22)	(2.592384e+01 3.420622e-03 0.000000e+00)	(-6.392792e-03 4.863480e-04 7.774418e-22)
21.5          	(2.591372e+01 3.904420e-03 7.769889e-22)	(2.592008e+01 3.417116e-03 0.000000e+00)	(-6.365504e-03 4.873034e-04 7.769889e-22)
21.525        	(2.590977e+01 3.832407e-03 7.765321e-22)	(2.591611e+01 3.344647e-03 0.000000e+00)	(-6.340391e-03 4.877603e-04 7.765321e-22)
21.55         	(2.590574e+01 3.942273e-03 7.760827e-22)	(2.591206e+01 3.453672e-03 0.000000e+00)	(-6.317747e-03 4.886011e-04 7.760827e-22)
21.575        	(2.590122e+01 3.837736e-03 7.756273e-22)	(2.590751e+01 3.348619e-03 0.000000e+00)	(-6.297761e-03 4.891174e-04 7.756273e-22)
21.6          	(2.589666e+01 3.775249e-03 7.751745e-22)	(2.590294e+01 3.286170e-03 0.000000e+00)	(-6.280824e-03 4.890793e-04 7.751745e-22)
21.625        	(2.589251e+01 3.912145e-03 7.747263e-22)	(2.589878e+01 3.422488e-03 0.000000e+00)	(-6.265861e-03 4.896561e-04 7.747263e-22)
21.65         	(2.588722e+01 3.796104e-03 7.742689e-22)	(2.589348e+01 3.306062e-03 0.000000e+00)	(-6.253947e-03 4.900421e-04 7.742689e-22)
21.675        	(2.588272e+01 3.804268e-03 7.738222e-22)	(2.588897e+01 3.314071e-03 0.000000e+00)	(-6.244348e-03 4.901971e-04 7.738222e-22)
21.7          	(2.587759e+01 3.891322e-03 7.733696e-22)	(2.588382e+01 3.400429e-03 0.000000e+00)	(-6.237128e-03 4.908927e-04 7.733696e-22)
21.725        	(2.587211e+01 3.831739e-03 7.729139e-22)	(2.587835e+01 3.340283e-03 0.000000e+00)	(-6.233161e-03 4.914566e-04 7.729139e-22)
21.75         	(2.586691e+01 3.865001e-03 7.724593e-22)	(2.587314e+01 3.372973e-03 0.000000e+00)	(-6.231734e-03 4.920273e-04 7.724593e-22)
21.775        	(2.586144e+01 3.804029e-03 7.720094e-22)	(2.586768e+01 3.311653e-03 0.000000e+00)	(-6.232523e-03 4.923751e-04 7.720094e-22)
21.8          	(2.585614e+01 3.884763e-03 7.715566e-22)	(2.586238e+01 3.391748e-03 0.000000e+00)	(-6.235509e-03 4.930145e-04 7.715566e-22)
21.825        	(2.585038e+01 3.794649e-03 7.711057e-22)	(2.585662e+01 3.301325e-03 0.000000e+00)	(-6.240931e-03 4.933236e-04 7.711057e-22)
21.85         	(2.584463e+01 3.873570e-03 7.706527e-22)	(2.585087e+01 3.379675e-03 0.000000e+00)	(-6.248679e-03 4.938955e-04 7.706527e-22)
21.875        	(2.583848e+01 3.838772e-03 7.701964e-22)	(2.584474e+01 3.344255e-03 0.000000e+00)	(-6.259187e-03 4.945164e-04 7.701964e-22)
21.9          	(2.583259e+01 3.877991e-03 7.697483e-22)	(2.583886e+01 3.382878e-03 0.000000e+00)	(-6.272483e-03 4.951128e-04 7.697483e-22)
21.925        	(2.582625e+01 3.822583e-03 7.692916e-22)	(2.583254e+01 3.327097e-03 0.000000e+00)	(-6.288217e-03 4.954859e-04 7.692916e-22)
21.95         	(2.582023e+01 3.782304e-03 7.688442e-22)	(2.582653e+01 3.286777e-03 0.000000e+00)	(-6.306158e-03 4.955266e-04 7.688442e-22)
21.975        	(2.581367e+01 3.957519e-03 7.683942e-22)	(2.582000e+01 3.461002e-03 0.000000e+00)	(-6.325962e-03 4.965171e-04 7.683942e-22)
22            	(2.580744e+01 3.776756e-03 7.679423e-22)	(2.581378e+01 3.279828e-03 0.000000e+00)	(-6.348152e-03 4.969275e-04 7.679423e-22)
22.025        	(2.580100e+01 3.939021e-03 7.674941e-22)	(2.580737e+01 3.441395e-03 0.000000e+00)	(-6.372422e-03 4.976260e-04 7.674941e-22)
22.05         	(2.579467e+01 3.816082e-03 7.670409e-22)	(2.580107e+01 3.318112e-03 0.000000e+00)	(-6.398929e-03 4.979700e-04 7.670409e-22)
22.075        	(2.578852e+01 3.929986e-03 7.665990e-22)	(2.579495e+01 3.431370e-03 0.000000e+00)	(-6.426825e-03 4.986165e-04 7.665990e-22)
22.1          	(2.578042e+01 3.835956e-03 7.661408e-22)	(2.578688e+01 3.336826e-03 0.000000e+00)	(-6.458132e-03 4.991301e-04 7.661408e-22)
22.125        	(2.577374e+01 3.889745e-03 7.657000e-22)	(2.578023e+01 3.390035e-03 0.000000e+00)	(-6.491981e-03 4.997107e-04 7.657000e-22)
22.15         	(2.576678e+01 3.942172e-03 7.652523e-22)	(2.577331e+01 3.441577e-03 0.000000e+00)	(-6.527683e-03 5.005949e-04 7.652523e-22)
22.175        	(2.575954e+01 3.761653e-03 7.648010e-22)	(2.576610e+01 3.261081e-03 0.000000e+00)	(-6.565550e-03 5.005723e-04 7.648010e-22)
22.2          	(2.575242e+01 3.945815e-03 7.643597e-22)	(2.575902e+01 3.444665e-03 0.000000e+00)	(-6.605319e-03 5.011493e-04 7.643597e-22)
22.225        	(2.574480e+01 3.764317e-03 7.639119e-22)	(2.575145e+01 3.263091e-03 0.000000e+00)	(-6.647367e-03 5.012254e-04 7.639119e-22)
22.25         	(2.573770e+01 3.947937e-03 7.634746e-22)	(2.574440e+01 3.446063e-03 0.000000e+00)	(-6.690822e-03 5.018738e-04 7.634746e-22)
22.275        	(2.572937e+01 3.835280e-03 7.630192e-22)	(2.573611e+01 3.333017e-03 0.000000e+00)	(-6.737187e-03 5.022626e-04 7.630192e-22)
22.3          	(2.572191e+01 3.874533e-03 7.625751e-22)	(2.572870e+01 3.371913e-03 0.000000e+00)	(-6.785833e-03 5.026206e-04 7.625751e-22)
22.325        	(2.571409e+01 3.824464e-03 7.621255e-22)	(2.572093e+01 3.321626e-03 0.000000e+00)	(-6.836367e-03 5.028375e-04 7.621255e-22)
22.35         	(2.570595e+01 3.925325e-03 7.616830e-22)	(2.571284e+01 3.421854e-03 0.000000e+00)	(-6.889114e-03 5.034719e-04 7.616830e-22)
22.375        	(2.569766e+01 3.810024e-03 7.612315e-22)	(2.570460e+01 3.306333e-03 0.000000e+00)	(-6.944413e-03 5.036910e-04 7.612315e-22)
22.4          	(2.568939e+01 3.931528e-03 7.607895e-22)	(2.569640e+01 3.427273e-03 0.000000e+00)	(-7.001753e-03 5.042552e-04 7.607895e-22)
22.425        	(2.568126e+01 3.812290e-03 7.603464e-22)	(2.568832e+01 3.307832e-03 0.000000e+00)	(-7.060643e-03 5.044577e-04 7.603464e-22)
22.45         	(2.567305e+01 3.894845e-03 7.599050e-22)	(2.568017e+01 3.390000e-03 0.000000e+00)	(-7.121131e-03 5.048454e-04 7.599050e-22)
22.475        	(2.566417e+01 3.727033e-03 7.594588e-22)	(2.567135e+01 3.222472e-03 0.000000e+00)	(-7.184067e-03 5.045608e-04 7.594588e-22)
22.5          	(2.565591e+01 4.118012e-03 7.590270e-22)	(2.566316e+01 3.612022e-03 0.000000e+00)	(-7.248314e-03 5.059898e-04 7.590270e-22)
22.525        	(2.564736e+01 3.718757e-03 7.585675e-22)	(2.565468e+01 3.212673e-03 0.000000e+00)	(-7.314254e-03 5.060835e-04 7.585675e-22)
22.55         	(2.563899e+01 4.057758e-03 7.581351e-22)	(2.564637e+01 3.550798e-03 0.000000e+00)	(-7.381978e-03 5.069595e-04 7.581351e-22)
22.575        	(2.563056e+01 3.772624e-03 7.576881e-22)	(2.563801e+01 3.265545e-03 0.000000e+00)	(-7.450817e-03 5.070788e-04 7.576881e-22)
22.6          	(2.562110e+01 4.125645e-03 7.572517e-22)	(2.562863e+01 3.617444e-03 0.000000e+00)	(-7.522364e-03 5.082009e-04 7.572517e-22)
22.625        	(2.561253e+01 3.682080e-03 7.568044e-22)	(2.562012e+01 3.174167e-03 0.000000e+00)	(-7.595572e-03 5.079131e-04 7.568044e-22)
22.65         	(2.560360e+01 4.136718e-03 7.563749e-22)	(2.561127e+01 3.627669e-03 0.000000e+00)	(-7.670148e-03 5.090490e-04 7.563749e-22)
22.675        	(2.559452e+01 3.634848e-03 7.559236e-22)	(2.560227e+01 3.126315e-03 0.000000e+00)	(-7.746487e-03 5.085330e-04 7.559236e-22)
22.7          	(2.558541e+01 4.062324e-03 7.554970e-22)	(2.559324e+01 3.553185e-03 0.000000e+00)	(-7.824411e-03 5.091394e-04 7.554970e-22)
22.725        	(2.557582e+01 3.785245e-03 7.550504e-22)	(2.558372e+01 3.275968e-03 0.000000e+00)	(-7.904408e-03 5.092774e-04 7.550504e-22)
22.75         	(2.556708e+01 3.991617e-03 7.546221e-22)	(2.557506e+01 3.481734e-03 0.000000e+00)	(-7.985292e-03 5.098828e-04 7.546221e-22)
22.775        	(2.555694e+01 3.840577e-03 7.541758e-22)	(2.556501e+01 3.330480e-03 0.000000e+00)	(-8.068706e-03 5.100968e-04 7.541758e-22)
22.8          	(2.554776e+01 3.954304e-03 7.537466e-22)	(2.555591e+01 3.443725e-03 0.000000e+00)	(-8.153634e-03 5.105789e-04 7.537466e-22)
22.825        	(2.553791e+01 3.855812e-03 7.533101e-22)	(2.554615e+01 3.345024e-03 0.000000e+00)	(-8.240207e-03 5.107877e-04 7.533101e-22)
22.85         	(2.552858e+01 3.977737e-03 7.528770e-22)	(2.553691e+01 3.466354e-03 0.000000e+00)	(-8.327629e-03 5.113830e-04 7.528770e-22)
22.875        	(2.551845e+01 3.862512e-03 7.524398e-22)	(2.552687e+01 3.351064e-03 0.000000e+00)	(-8.416999e-03 5.114482e-04 7.524398e-22)
22.9          	(2.550881e+01 4.009681e-03 7.520150e-22)	(2.551731e+01 3.497664e-03 0.000000e+00)	(-8.507835e-03 5.120169e-04 7.520150e-22)
22.925        	(2.549876e+01 3.925893e-03 7.515756e-22)	(2.550736e+01 3.413460e-03 0.000000e+00)	(-8.600172e-03 5.124334e-04 7.515756e-22)
22.95         	(2.548892e+01 4.025096e-03 7.511493e-22)	(2.549762e+01 3.511945e-03 0.000000e+00)	(-8.693912e-03 5.131510e-04 7.511493e-22)
22.975        	(2.547879e+01 3.903085e-03 7.507193e-22)	(2.548758e+01 3.389701e-03 0.000000e+00)	(-8.788984e-03 5.133834e-04 7.507193e-22)
23            	(2.546869e+01 3.966499e-03 7.502957e-22)	(2.547758e+01 3.452795e-03 0.000000e+00)	(-8.885318e-03 5.137037e-04 7.502957e-22)
23.025        	(2.545833e+01 3.816123e-03 7.498690e-22)	(2.546731e+01 3.302766e-03 0.000000e+00)	(-8.983405e-03 5.133577e-04 7.498690e-22)
23.05         	(2.544856e+01 4.111267e-03 7.494525e-22)	(2.545764e+01 3.596927e-03 0.000000e+00)	(-9.081895e-03 5.143401e-04 7.494525e-22)
23.075        	(2.543841e+01 3.806673e-03 7.490201e-22)	(2.544759e+01 3.292330e-03 0.000000e+00)	(-9.181360e-03 5.143424e-04 7.490201e-22)
23.1          	(2.542835e+01 4.059689e-03 7.486098e-22)	(2.543763e+01 3.544597e-03 0.000000e+00)	(-9.281832e-03 5.150928e-04 7.486098e-22)
23.125        	(2.541845e+01 3.802162e-03 7.481795e-22)	(2.542783e+01 3.287123e-03 0.000000e+00)	(-9.382841e-03 5.150399e-04 7.481795e-22)
23.15         	(2.540859e+01 4.048235e-03 7.477707e-22)	(2.541807e+01 3.532624e-03 0.000000e+00)	(-9.484479e-03 5.156110e-04 7.477707e-22)
23.175        	(2.539781e+01 3.880423e-03 7.473391e-22)	(2.540740e+01 3.364745e-03 0.000000e+00)	(-9.588080e-03 5.156780e-04 7.473391e-22)
23.2          	(2.538745e+01 4.064368e-03 7.469314e-22)	(2.539715e+01 3.547916e-03 0.000000e+00)	(-9.692919e-03 5.164511e-04 7.469314e-22)
23.225        	(2.537690e+01 3.831931e-03 7.465036e-22)	(2.538670e+01 3.315519e-03 0.000000e+00)	(-9.798880e-03 5.164113e-04 7.465036e-22)
23.25         	(2.536657e+01 4.031654e-03 7.460962e-22)	(2.537648e+01 3.514807e-03 0.000000e+00)	(-9.905559e-03 5.168475e-04 7.460962e-22)
23.275        	(2.535584e+01 3.866976e-03 7.456723e-22)	(2.536586e+01 3.350097e-03 0.000000e+00)	(-1.001331e-02 5.168791e-04 7.456723e-22)
23.3          	(2.534533e+01 4.045168e-03 7.452646e-22)	(2.535545e+01 3.527705e-03 0.000000e+00)	(-1.012190e-02 5.174630e-04 7.452646e-22)
23.325        	(2.533458e+01 3.912962e-03 7.448416e-22)	(2.534481e+01 3.395393e-03 0.000000e+00)	(-1.023156e-02 5.175687e-04 7.448416e-22)
23.35         	(2.532404e+01 4.164490e-03 7.444378e-22)	(2.533438e+01 3.645838e-03 0.000000e+00)	(-1.034186e-02 5.186524e-04 7.444378e-22)
23.375        	(2.531311e+01 3.866311e-03 7.440183e-22)	(2.532356e+01 3.347692e-03 0.000000e+00)	(-1.045326e-02 5.186182e-04 7.440183e-22)
23.4          	(2.530246e+01 4.151863e-03 7.436156e-22)	(2.531303e+01 3.632434e-03 0.000000e+00)	(-1.056538e-02 5.194288e-04 7.436156e-22)
23.425        	(2.529156e+01 3.838941e-03 7.431974e-22)	(2.530224e+01 3.319780e-03 0.000000e+00)	(-1.067840e-02 5.191606e-04 7.431974e-22)
23.45         	(2.528071e+01 4.137292e-03 7.428020e-22)	(2.529150e+01 3.617461e-03 0.000000e+00)	(-1.079216e-02 5.198304e-04 7.428020e-22)
23.475        	(2.527015e+01 3.883574e-03 7.423896e-22)	(2.528106e+01 3.363773e-03 0.000000e+00)	(-1.090608e-02 5.198005e-04 7.423896e-22)
23.5          	(2.525880e+01 4.126746e-03 7.419915e-22)	(2.526983e+01 3.606314e-03 0.000000e+00)	(-1.102128e-02 5.204311e-04 7.419915e-22)
23.525        	(2.524809e+01 3.879948e-03 7.415795e-22)	(2.525922e+01 3.359577e-03 0.000000e+00)	(-1.113704e-02 5.203710e-04 7.415795e-22)
23.55         	(2.523734e+01 4.099715e-03 7.411860e-22)	(2.524859e+01 3.578821e-03 0.000000e+00)	(-1.125289e-02 5.208938e-04 7.411860e-22)
23.575        	(2.522589e+01 3.944827e-03 7.407830e-22)	(2.523726e+01 3.423765e-03 0.000000e+00)	(-1.136998e-02 5.210617e-04 7.407830e-22)
23.6          	(2.521547e+01 4.079535e-03 7.403863e-22)	(2.522695e+01 3.557917e-03 0.000000e+00)	(-1.148672e-02 5.216175e-04 7.403863e-22)
23.625        	(2.520445e+01 3.990514e-03 7.399797e-22)	(2.521606e+01 3.468608e-03 0.000000e+00)	(-1.160403e-02 5.219059e-04 7.399797e-22)
23.65         	(2.519369e+01 4.031587e-03 7.395884e-22)	(2.520541e+01 3.509380e-03 0.000000e+00)	(-1.172177e-02 5.222066e-04 7.395884e-22)
23.675        	(2.518252e+01 4.158244e-03 7.391894e-22)	(2.519436e+01 3.635027e-03 0.000000e+00)	(-1.184037e-02 5.232171e-04 7.391894e-22)
23.7          	(2.517176e+01 3.881634e-03 7.387878e-22)	(2.518372e+01 3.358563e-03 0.000000e+00)	(-1.195913e-02 5.230710e-04 7.387878e-22)
23.725        	(2.516073e+01 4.206813e-03 7.383997e-22)	(2.517281e+01 3.682946e-03 0.000000e+00)	(-1.207794e-02 5.238672e-04 7.383997e-22)
23.75         	(2.514934e+01 3.859137e-03 7.379984e-22)	(2.516154e+01 3.335650e-03 0.000000e+00)	(-1.219774e-02 5.234870e-04 7.379984e-22)
23.775        	(2.513863e+01 4.314471e-03 7.376162e-22)	(2.515095e+01 3.789761e-03 0.000000e+00)	(-1.231746e-02 5.247095e-04 7.376162e-22)
23.8          	(2.512771e+01 3.819221e-03 7.372139e-22)	(2.514015e+01 3.294919e-03 0.000000e+00)	(-1.243699e-02 5.243024e-04 7.372139e-22)
23.825        	(2.511668e+01 4.220834e-03 7.368403e-22)	(2.512924e+01 3.695758e-03 0.000000e+00)	(-1.255652e-02 5.250763e-04 7.368403e-22)
23.85         	(2.510541e+01 3.865306e-03 7.364374e-22)	(2.511808e+01 3.340497e-03 0.000000e+00)	(-1.267667e-02 5.248085e-04 7.364374e-22)
23.875        	(2.509447e+01 4.212833e-03 7.360659e-22)	(2.510727e+01 3.687246e-03 0.000000e+00)	(-1.279711e-02 5.255879e-04 7.360659e-22)
23.9          	(2.508295e+01 3.903846e-03 7.356633e-22)	(2.509587e+01 3.378395e-03 0.000000e+00)	(-1.291840e-02 5.254509e-04 7.356633e-22)
23.925        	(2.507198e+01 4.195344e-03 7.352913e-22)	(2.508502e+01 3.669258e-03 0.000000e+00)	(-1.303934e-02 5.260868e-04 7.352913e-22)
23.95         	(2.506058e+01 3.959757e-03 7.349003e-22)	(2.507375e+01 3.433674e-03 0.000000e+00)	(-1.316080e-02 5.260837e-04 7.349003e-22)
23.975        	(2.504983e+01 4.249005e-03 7.345270e-22)	(2.506311e+01 3.721950e-03 0.000000e+00)	(-1.328169e-02 5.270546e-04 7.345270e-22)
24            	(2.503837e+01 3.939546e-03 7.341349e-22)	(2.505177e+01 3.412558e-03 0.000000e+00)	(-1.340277e-02 5.269882e-04 7.341349e-22)
24.025        	(2.502743e+01 4.260962e-03 7.337618e-22)	(2.504095e+01 3.733085e-03 0.000000e+00)	(-1.352358e-02 5.278771e-04 7.337618e-22)
24.05         	(2.501666e+01 3.937427e-03 7.333785e-22)	(2.503031e+01 3.409646e-03 0.000000e+00)	(-1.364375e-02 5.277808e-04 7.333785e-22)
24.075        	(2.500491e+01 4.140811e-03 7.330111e-22)	(2.501868e+01 3.612842e-03 0.000000e+00)	(-1.376451e-02 5.279697e-04 7.330111e-22)
24.1          	(2.499427e+01 4.105541e-03 7.326337e-22)	(2.500816e+01 3.576943e-03 0.000000e+00)	(-1.388466e-02 5.285980e-04 7.326337e-22)
24.125        	(2.498350e+01 4.197829e-03 7.322637e-22)	(2.499750e+01 3.668404e-03 0.000000e+00)	(-1.400433e-02 5.294251e-04 7.322637e-22)
24.15         	(2.497242e+01 4.023860e-03 7.318808e-22)	(2.498654e+01 3.494445e-03 0.000000e+00)	(-1.412405e-02 5.294152e-04 7.318808e-22)
24.175        	(2.496177e+01 4.282556e-03 7.315143e-22)	(2.497601e+01 3.752210e-03 0.000000e+00)	(-1.424336e-02 5.303461e-04 7.315143e-22)
24.2          	(2.495069e+01 3.903775e-03 7.311316e-22)	(2.496506e+01 3.373930e-03 0.000000e+00)	(-1.436248e-02 5.298444e-04 7.311316e-22)
24.225        	(2.493984e+01 4.332515e-03 7.307780e-22)	(2.495432e+01 3.801508e-03 0.000000e+00)	(-1.448120e-02 5.310069e-04 7.307780e-22)
24.25         	(2.492878e+01 3.959580e-03 7.303925e-22)	(2.494338e+01 3.428602e-03 0.000000e+00)	(-1.459991e-02 5.309781e-04 7.303925e-22)
24.275        	(2.491794e+01 4.308279e-03 7.300387e-22)	(2.493266e+01 3.776336e-03 0.000000e+00)	(-1.471808e-02 5.319432e-04 7.300387e-22)
24.3          	(2.490691e+01 3.952476e-03 7.296581e-22)	(2.492175e+01 3.420683e-03 0.000000e+00)	(-1.483592e-02 5.317930e-04 7.296581e-22)
24.325        	(2.489627e+01 4.335657e-03 7.293031e-22)	(2.491122e+01 3.802854e-03 0.000000e+00)	(-1.495300e-02 5.328032e-04 7.293031e-22)
24.35         	(2.488530e+01 3.965680e-03 7.289315e-22)	(2.490037e+01 3.433015e-03 0.000000e+00)	(-1.506953e-02 5.326650e-04 7.289315e-22)
24.375        	(2.487409e+01 4.319527e-03 7.285678e-22)	(2.488928e+01 3.786090e-03 0.000000e+00)	(-1.518626e-02 5.334369e-04 7.285678e-22)
24.4          	(2.486334e+01 4.040834e-03 7.282045e-22)	(2.487864e+01 3.507326e-03 0.000000e+00)	(-1.530240e-02 5.335076e-04 7.282045e-22)
24.425        	(2.485250e+01 4.304607e-03 7.278524e-22)	(2.486792e+01 3.770269e-03 0.000000e+00)	(-1.541773e-02 5.343372e-04 7.278524e-22)
24.45         	(2.484173e+01 4.032005e-03 7.274874e-22)	(2.485727e+01 3.497741e-03 0.000000e+00)	(-1.553224e-02 5.342641e-04 7.274874e-22)
24.475        	(2.483081e+01 4.311073e-03 7.271383e-22)	(2.484645e+01 3.775957e-03 0.000000e+00)	(-1.564640e-02 5.351158e-04 7.271383e-22)
24.5          	(2.482019e+01 4.035061e-03 7.267741e-22)	(2.483595e+01 3.499912e-03 0.000000e+00)	(-1.575965e-02 5.351492e-04 7.267741e-22)
24.525        	(2.480873e+01 4.217812e-03 7.264250e-22)	(2.482461e+01 3.682428e-03 0.000000e+00)	(-1.587291e-02 5.353841e-04 7.264250e-22)
24.55         	(2.479889e+01 4.135649e-03 7.260689e-22)	(2.481487e+01 3.599973e-03 0.000000e+00)	(-1.598420e-02 5.356752e-04 7.260689e-22)
24.575        	(2.478844e+01 4.230124e-03 7.257192e-22)	(2.480454e+01 3.693840e-03 0.000000e+00)	(-1.609436e-02 5.362837e-04 7.257192e-22)
24.6          	(2.477770e+01 4.247371e-03 7.253609e-22)	(2.479391e+01 3.710270e-03 0.000000e+00)	(-1.620449e-02 5.371006e-04 7.253609e-22)
24.625        	(2.476722e+01 4.059483e-03 7.250043e-22)	(2.478353e+01 3.522522e-03 0.000000e+00)	(-1.631373e-02 5.369613e-04 7.250043e-22)
24.65         	(2.475683e+01 4.480908e-03 7.246628e-22)	(2.477325e+01 3.942288e-03 0.000000e+00)	(-1.642184e-02 5.386199e-04 7.246628e-22)
24.675        	(2.474655e+01 3.910636e-03 7.242957e-22)	(2.476308e+01 3.372535e-03 0.000000e+00)	(-1.652883e-02 5.381008e-04 7.242957e-22)
24.7          	(2.473624e+01 4.477697e-03 7.239674e-22)	(2.475287e+01 3.938480e-03 0.000000e+00)	(-1.663467e-02 5.392170e-04 7.239674e-22)
24.725        	(2.472572e+01 3.954984e-03 7.236041e-22)	(2.474245e+01 3.416116e-03 0.000000e+00)	(-1.673946e-02 5.388685e-04 7.236041e-22)
24.75         	(2.471514e+01 4.459059e-03 7.232642e-22)	(2.473199e+01 3.919043e-03 0.000000e+00)	(-1.684348e-02 5.400156e-04 7.232642e-22)
24.775        	(2.470475e+01 3.980028e-03 7.229072e-22)	(2.472170e+01 3.440269e-03 0.000000e+00)	(-1.694647e-02 5.397588e-04 7.229072e-22)
24.8          	(2.469449e+01 4.520028e-03 7.225702e-22)	(2.471154e+01 3.978804e-03 0.000000e+00)	(-1.704812e-02 5.412242e-04 7.225702e-22)
24.825        	(2.468411e+01 3.975054e-03 7.222070e-22)	(2.470125e+01 3.434097e-03 0.000000e+00)	(-1.714860e-02 5.409565e-04 7.222070e-22)
24.85         	(2.467399e+01 4.513853e-03 7.218736e-22)	(2.469124e+01 3.971546e-03 0.000000e+00)	(-1.724959e-02 5.423069e-04 7.218736e-22)
24.875        	(2.466366e+01 3.993839e-03 7.215173e-22)	(2.468101e+01 3.451798e-03 0.000000e+00)	(-1.735083e-02 5.420403e-04 7.215173e-22)
24.9          	(2.465401e+01 4.482486e-03 7.211920e-22)	(2.467146e+01 3.939354e-03 0.000000e+00)	(-1.745057e-02 5.431327e-04 7.211920e-22)
24.925        	(2.464283e+01 3.952454e-03 7.208444e-22)	(2.466038e+01 3.409899e-03 0.000000e+00)	(-1.755057e-02 5.425551e-04 7.208444e-22)
24.95         	(2.463372e+01 4.557454e-03 7.205288e-22)	(2.465137e+01 4.013416e-03 0.000000e+00)	(-1.764843e-02 5.440383e-04 7.205288e-22)
24.975        	(2.462295e+01 3.991561e-03 7.201737e-22)	(2.464070e+01 3.447764e-03 0.000000e+00)	(-1.774607e-02 5.437973e-04 7.201737e-22)
25            	(2.461348e+01 4.479485e-03 7.198522e-22)	(2.463132e+01 3.934700e-03 0.000000e+00)	(-1.784247e-02 5.447852e-04 7.198522e-22)
25.025        	(2.460339e+01 4.077948e-03 7.195096e-22)	(2.462132e+01 3.533133e-03 0.000000e+00)	(-1.793768e-02 5.448150e-04 7.195096e-22)
25.05         	(2.459384e+01 4.578015e-03 7.191890e-22)	(2.461187e+01 4.031493e-03 0.000000e+00)	(-1.803158e-02 5.465221e-04 7.191890e-22)
25.075        	(2.458389e+01 3.971246e-03 7.188449e-22)	(2.460201e+01 3.425185e-03 0.000000e+00)	(-1.812429e-02 5.460613e-04 7.188449e-22)
25.1          	(2.457466e+01 4.594227e-03 7.185378e-22)	(2.459287e+01 4.046729e-03 0.000000e+00)	(-1.821511e-02 5.474977e-04 7.185378e-22)
25.125        	(2.456452e+01 3.967894e-03 7.181978e-22)	(2.458283e+01 3.420829e-03 0.000000e+00)	(-1.830613e-02 5.470645e-04 7.181978e-22)
25.15         	(2.455517e+01 4.577931e-03 7.178979e-22)	(2.457356e+01 4.029608e-03 0.000000e+00)	(-1.839586e-02 5.483230e-04 7.178979e-22)
25.175        	(2.454543e+01 4.030575e-03 7.175539e-22)	(2.456391e+01 3.482478e-03 0.000000e+00)	(-1.848405e-02 5.480966e-04 7.175539e-22)
25.2          	(2.453599e+01 4.554139e-03 7.172386e-22)	(2.455456e+01 4.004741e-03 0.000000e+00)	(-1.857092e-02 5.493980e-04 7.172386e-22)
25.225        	(2.452629e+01 4.087167e-03 7.168889e-22)	(2.454494e+01 3.537836e-03 0.000000e+00)	(-1.865739e-02 5.493309e-04 7.168889e-22)
25.25         	(2.451697e+01 4.530837e-03 7.165799e-22)	(2.453571e+01 3.980296e-03 0.000000e+00)	(-1.874440e-02 5.505419e-04 7.165799e-22)
25.275        	(2.450752e+01 4.094632e-03 7.162509e-22)	(2.452635e+01 3.544213e-03 0.000000e+00)	(-1.883038e-02 5.504191e-04 7.162509e-22)
25.3          	(2.449798e+01 4.435208e-03 7.159482e-22)	(2.451689e+01 3.884081e-03 0.000000e+00)	(-1.891474e-02 5.511274e-04 7.159482e-22)
25.325        	(2.448857e+01 4.231101e-03 7.156237e-22)	(2.450756e+01 3.679477e-03 0.000000e+00)	(-1.899754e-02 5.516235e-04 7.156237e-22)
25.35         	(2.447966e+01 4.422531e-03 7.153089e-22)	(2.449874e+01 3.870005e-03 0.000000e+00)	(-1.907890e-02 5.525259e-04 7.153089e-22)
25.375        	(2.447025e+01 4.293670e-03 7.149835e-22)	(2.448940e+01 3.740564e-03 0.000000e+00)	(-1.915956e-02 5.531051e-04 7.149835e-22)
25.4          	(2.446136e+01 4.400350e-03 7.146692e-22)	(2.448060e+01 3.846461e-03 0.000000e+00)	(-1.923852e-02 5.538893e-04 7.146692e-22)
25.425        	(2.445220e+01 4.301889e-03 7.143460e-22)	(2.447152e+01 3.747485e-03 0.000000e+00)	(-1.931654e-02 5.544032e-04 7.143460e-22)
25.45         	(2.444318e+01 4.378230e-03 7.140379e-22)	(2.446257e+01 3.823198e-03 0.000000e+00)	(-1.939255e-02 5.550320e-04 7.140379e-22)
25.475        	(2.443457e+01 4.357076e-03 7.137315e-22)	(2.445403e+01 3.801345e-03 0.000000e+00)	(-1.946633e-02 5.557310e-04 7.137315e-22)
25.5          	(2.442560e+01 4.354322e-03 7.134062e-22)	(2.444514e+01 3.797993e-03 0.000000e+00)	(-1.953889e-02 5.563291e-04 7.134062e-22)
25.525        	(2.441669e+01 4.319921e-03 7.130968e-22)	(2.443630e+01 3.763198e-03 0.000000e+00)	(-1.961052e-02 5.567230e-04 7.130968e-22)
25.55         	(2.440755e+01 4.350962e-03 7.127851e-22)	(2.442723e+01 3.793765e-03 0.000000e+00)	(-1.968164e-02 5.571966e-04 7.127851e-22)
25.575        	(2.439902e+01 4.443284e-03 7.124772e-22)	(2.441877e+01 3.885093e-03 0.000000e+00)	(-1.975112e-02 5.581903e-04 7.124772e-22)
25.6          	(2.439023e+01 4.277816e-03 7.121647e-22)	(2.441005e+01 3.719346e-03 0.000000e+00)	(-1.981892e-02 5.584696e-04 7.121647e-22)
25.625        	(2.438166e+01 4.448102e-03 7.118625e-22)	(2.440155e+01 3.888818e-03 0.000000e+00)	(-1.988507e-02 5.592840e-04 7.118625e-22)
25.65         	(2.437302e+01 4.285995e-03 7.115498e-22)	(2.439297e+01 3.726365e-03 0.000000e+00)	(-1.994959e-02 5.596297e-04 7.115498e-22)
25.675        	(2.436424e+01 4.420606e-03 7.112471e-22)	(2.438425e+01 3.860292e-03 0.000000e+00)	(-2.001303e-02 5.603142e-04 7.112471e-22)
25.7          	(2.435580e+01 4.317988e-03 7.109386e-22)	(2.437587e+01 3.757203e-03 0.000000e+00)	(-2.007506e-02 5.607846e-04 7.109386e-22)
25.725        	(2.434764e+01 4.512033e-03 7.106430e-22)	(2.436777e+01 3.949978e-03 0.000000e+00)	(-2.013491e-02 5.620547e-04 7.106430e-22)
25.75         	(2.433928e+01 4.204196e-03 7.103256e-22)	(2.435947e+01 3.642202e-03 0.000000e+00)	(-2.019344e-02 5.619934e-04 7.103256e-22)
25.775        	(2.433127e+01 4.612318e-03 7.100386e-22)	(2.435152e+01 4.048936e-03 0.000000e+00)	(-2.025073e-02 5.633821e-04 7.100386e-22)
25.8          	(2.432282e+01 4.135454e-03 7.097175e-22)	(2.434313e+01 3.572296e-03 0.000000e+00)	(-2.030669e-02 5.631575e-04 7.097175e-22)
25.825        	(2.431487e+01 4.601866e-03 7.094333e-22)	(2.433523e+01 4.037545e-03 0.000000e+00)	(-2.036122e-02 5.643207e-04 7.094333e-22)
25.85         	(2.430656e+01 4.220540e-03 7.091187e-22)	(2.432697e+01 3.655977e-03 0.000000e+00)	(-2.041439e-02 5.645628e-04 7.091187e-22)
25.875        	(2.429909e+01 4.599302e-03 7.088320e-22)	(2.431956e+01 4.033397e-03 0.000000e+00)	(-2.046466e-02 5.659046e-04 7.088320e-22)
25.9          	(2.429047e+01 4.217278e-03 7.085200e-22)	(2.431098e+01 3.651304e-03 0.000000e+00)	(-2.051437e-02 5.659745e-04 7.085200e-22)
25.925        	(2.428267e+01 4.599220e-03 7.082342e-22)	(2.430323e+01 4.032071e-03 0.000000e+00)	(-2.056336e-02 5.671492e-04 7.082342e-22)
25.95         	(2.427462e+01 4.323385e-03 7.079247e-22)	(2.429523e+01 3.755721e-03 0.000000e+00)	(-2.061174e-02 5.676637e-04 7.079247e-22)
25.975        	(2.426693e+01 4.550001e-03 7.076424e-22)	(2.428759e+01 3.981098e-03 0.000000e+00)	(-2.065722e-02 5.689028e-04 7.076424e-22)
26            	(2.425889e+01 4.319525e-03 7.073440e-22)	(2.427959e+01 3.750279e-03 0.000000e+00)	(-2.070237e-02 5.692457e-04 7.073440e-22)
26.025        	(2.425132e+01 4.564346e-03 7.070480e-22)	(2.427207e+01 3.994043e-03 0.000000e+00)	(-2.074584e-02 5.703032e-04 7.070480e-22)
26.05         	(2.424332e+01 4.293776e-03 7.067448e-22)	(2.426411e+01 3.723272e-03 0.000000e+00)	(-2.078769e-02 5.705044e-04 7.067448e-22)
26.075        	(2.423565e+01 4.568633e-03 7.064530e-22)	(2.425648e+01 3.997015e-03 0.000000e+00)	(-2.082696e-02 5.716181e-04 7.064530e-22)
26.1          	(2.422841e+01 4.339540e-03 7.061579e-22)	(2.424928e+01 3.767431e-03 0.000000e+00)	(-2.086455e-02 5.721093e-04 7.061579e-22)
26.125        	(2.422102e+01 4.554308e-03 7.058676e-22)	(2.424193e+01 3.981172e-03 0.000000e+00)	(-2.090105e-02 5.731366e-04 7.058676e-22)
26.15         	(2.421401e+01 4.392820e-03 7.055759e-22)	(2.423495e+01 3.819072e-03 0.000000e+00)	(-2.093575e-02 5.737475e-04 7.055759e-22)
26.175        	(2.420625e+01 4.505279e-03 7.052841e-22)	(2.422722e+01 3.930736e-03 0.000000e+00)	(-2.096975e-02 5.745435e-04 7.052841e-22)
26.2          	(2.419880e+01 4.441747e-03 7.049862e-22)	(2.421980e+01 3.866532e-03 0.000000e+00)	(-2.100347e-02 5.752149e-04 7.049862e-22)
26.225        	(2.419155e+01 4.512564e-03 7.047005e-22)	(2.421259e+01 3.936469e-03 0.000000e+00)	(-2.103498e-02 5.760951e-04 7.047005e-22)
26.25         	(2.418440e+01 4.487504e-03 7.044177e-22)	(2.420547e+01 3.910489e-03 0.000000e+00)	(-2.106313e-02 5.770151e-04 7.044177e-22)
26.275        	(2.417745e+01 4.384070e-03 7.041227e-22)	(2.419854e+01 3.807147e-03 0.000000e+00)	(-2.109045e-02 5.769234e-04 7.041227e-22)
26.3          	(2.417032e+01 4.672368e-03 7.038533e-22)	(2.419144e+01 4.094208e-03 0.000000e+00)	(-2.111671e-02 5.781602e-04 7.038533e-22)
26.325        	(2.416290e+01 4.291043e-03 7.035525e-22)	(2.418404e+01 3.712647e-03 0.000000e+00)	(-2.114127e-02 5.783969e-04 7.035525e-22)
26.35         	(2.415605e+01 4.643704e-03 7.032813e-22)	(2.417721e+01 4.063952e-03 0.000000e+00)	(-2.116482e-02 5.797524e-04 7.032813e-22)
26.375        	(2.414894e+01 4.288590e-03 7.029887e-22)	(2.417013e+01 3.708677e-03 0.000000e+00)	(-2.118718e-02 5.799127e-04 7.029887e-22)
26.4          	(2.414194e+01 4.662087e-03 7.027174e-22)	(2.416315e+01 4.080872e-03 0.000000e+00)	(-2.120796e-02 5.812147e-04 7.027174e-22)
26.425        	(2.413473e+01 4.250550e-03 7.024270e-22)	(2.415596e+01 3.669466e-03 0.000000e+00)	(-2.122840e-02 5.810833e-04 7.024270e-22)
26.45         	(2.412829e+01 4.772377e-03 7.021558e-22)	(2.414953e+01 4.189802e-03 0.000000e+00)	(-2.124616e-02 5.825750e-04 7.021558e-22)
26.475        	(2.412139e+01 4.280596e-03 7.018690e-22)	(2.414266e+01 3.697716e-03 0.000000e+00)	(-2.126212e-02 5.828806e-04 7.018690e-22)
26.5          	(2.411489e+01 4.684757e-03 7.015995e-22)	(2.413617e+01 4.100482e-03 0.000000e+00)	(-2.127715e-02 5.842750e-04 7.015995e-22)
26.525        	(2.410833e+01 4.309222e-03 7.013119e-22)	(2.412962e+01 3.724728e-03 0.000000e+00)	(-2.129089e-02 5.844938e-04 7.013119e-22)
26.55         	(2.410209e+01 4.733360e-03 7.010463e-22)	(2.412340e+01 4.147642e-03 0.000000e+00)	(-2.130349e-02 5.857185e-04 7.010463e-22)
26.575        	(2.409535e+01 4.311096e-03 7.007610e-22)	(2.411666e+01 3.725179e-03 0.000000e+00)	(-2.131407e-02 5.859169e-04 7.007610e-22)
26.6          	(2.408908e+01 4.738705e-03 7.004923e-22)	(2.411040e+01 4.151492e-03 0.000000e+00)	(-2.132384e-02 5.872124e-04 7.004923e-22)
26.625        	(2.408275e+01 4.471552e-03 7.002154e-22)	(2.410409e+01 3.883645e-03 0.000000e+00)	(-2.133185e-02 5.879071e-04 7.002154e-22)
26.65         	(2.407616e+01 4.548877e-03 6.999447e-22)	(2.409750e+01 3.960449e-03 0.000000e+00)	(-2.133904e-02 5.884283e-04 6.999447e-22)
26.675        	(2.406986e+01 4.566753e-03 6.996678e-22)	(2.409120e+01 3.977476e-03 0.000000e+00)	(-2.134515e-02 5.892770e-04 6.996678e-22)
26.7          	(2.406325e+01 4.526656e-03 6.993996e-22)	(2.408460e+01 3.936725e-03 0.000000e+00)	(-2.135054e-02 5.899311e-04 6.993996e-22)
26.725        	(2.405686e+01 4.522606e-03 6.991289e-22)	(2.407821e+01 3.931910e-03 0.000000e+00)	(-2.135539e-02 5.906963e-04 6.991289e-22)
26.75         	(2.405036e+01 4.547814e-03 6.988537e-22)	(2.407172e+01 3.956155e-03 0.000000e+00)	(-2.135847e-02 5.916586e-04 6.988537e-22)
26.775        	(2.404427e+01 4.507495e-03 6.985932e-22)	(2.406563e+01 3.915074e-03 0.000000e+00)	(-2.135932e-02 5.924209e-04 6.985932e-22)
26.8          	(2.403780e+01 4.534802e-03 6.983220e-22)	(2.405916e+01 3.941862e-03 0.000000e+00)	(-2.135812e-02 5.929394e-04 6.983220e-22)
26.825        	(2.403234e+01 4.551766e-03 6.980669e-22)	(2.405369e+01 3.958203e-03 0.000000e+00)	(-2.135488e-02 5.935632e-04 6.980669e-22)
26.85         	(2.402611e+01 4.553792e-03 6.977956e-22)	(2.404746e+01 3.959482e-03 0.000000e+00)	(-2.135124e-02 5.943101e-04 6.977956e-22)
26.875        	(2.402031e+01 4.645098e-03 6.975386e-22)	(2.404166e+01 4.049569e-03 0.000000e+00)	(-2.134649e-02 5.955297e-04 6.975386e-22)
26.9          	(2.401434e+01 4.505810e-03 6.972748e-22)	(2.403568e+01 3.909700e-03 0.000000e+00)	(-2.134046e-02 5.961100e-04 6.972748e-22)
26.925        	(2.400815e+01 4.679035e-03 6.970167e-22)	(2.402948e+01 4.081559e-03 0.000000e+00)	(-2.133431e-02 5.974764e-04 6.970167e-22)
26.95         	(2.400273e+01 4.493794e-03 6.967468e-22)	(2.402405e+01 3.895753e-03 0.000000e+00)	(-2.132475e-02 5.980412e-04 6.967468e-22)
26.975        	(2.399663e+01 4.747091e-03 6.964969e-22)	(2.401794e+01 4.147691e-03 0.000000e+00)	(-2.131431e-02 5.993998e-04 6.964969e-22)
27            	(2.399072e+01 4.348026e-03 6.962287e-22)	(2.401203e+01 3.748844e-03 0.000000e+00)	(-2.130355e-02 5.991820e-04 6.962287e-22)
27.025        	(2.398503e+01 4.797973e-03 6.959854e-22)	(2.400632e+01 4.197438e-03 0.000000e+00)	(-2.129179e-02 6.005353e-04 6.959854e-22)
27.05         	(2.397937e+01 4.450026e-03 6.957248e-22)	(2.400065e+01 3.848971e-03 0.000000e+00)	(-2.127848e-02 6.010549e-04 6.957248e-22)
27.075        	(2.397324e+01 4.670857e-03 6.954685e-22)	(2.399450e+01 4.068758e-03 0.000000e+00)	(-2.126543e-02 6.020984e-04 6.954685e-22)
27.1          	(2.396745e+01 4.472024e-03 6.952025e-22)	(2.398870e+01 3.869313e-03 0.000000e+00)	(-2.125103e-02 6.027109e-04 6.952025e-22)
27.125        	(2.396180e+01 4.660478e-03 6.949549e-22)	(2.398303e+01 4.056689e-03 0.000000e+00)	(-2.123480e-02 6.037892e-04 6.949549e-22)
27.15         	(2.395601e+01 4.446000e-03 6.946944e-22)	(2.397723e+01 3.841850e-03 0.000000e+00)	(-2.121753e-02 6.041493e-04 6.946944e-22)
27.175        	(2.395028e+01 4.658724e-03 6.944488e-22)	(2.397148e+01 4.053782e-03 0.000000e+00)	(-2.119859e-02 6.049416e-04 6.944488e-22)
27.2          	(2.394508e+01 4.669172e-03 6.942095e-22)	(2.396626e+01 4.062950e-03 0.000000e+00)	(-2.117820e-02 6.062216e-04 6.942095e-22)
27.225        	(2.393967e+01 4.562168e-03 6.939834e-22)	(2.396083e+01 3.955296e-03 0.000000e+00)	(-2.115709e-02 6.068727e-04 6.939834e-22)
27.25         	(2.393446e+01 4.705295e-03 6.937608e-22)	(2.395560e+01 4.097291e-03 0.000000e+00)	(-2.113480e-02 6.080036e-04 6.937608e-22)
27.275        	(2.392905e+01 4.543438e-03 6.935318e-22)	(2.395016e+01 3.934896e-03 0.000000e+00)	(-2.111152e-02 6.085427e-04 6.935318e-22)
27.3          	(2.392390e+01 4.678725e-03 6.933128e-22)	(2.394499e+01 4.069250e-03 0.000000e+00)	(-2.108703e-02 6.094747e-04 6.933128e-22)
27.325        	(2.391847e+01 4.562098e-03 6.930826e-22)	(2.393953e+01 3.952037e-03 0.000000e+00)	(-2.106186e-02 6.100608e-04 6.930826e-22)
27.35         	(2.391313e+01 4.640257e-03 6.928593e-22)	(2.393416e+01 4.029441e-03 0.000000e+00)	(-2.103568e-02 6.108162e-04 6.928593e-22)
27.375        	(2.390768e+01 4.530842e-03 6.926341e-22)	(2.392869e+01 3.919404e-03 0.000000e+00)	(-2.100969e-02 6.114384e-04 6.926341e-22)
27.4          	(2.390215e+01 4.606129e-03 6.924054e-22)	(2.392314e+01 3.993873e-03 0.000000e+00)	(-2.098284e-02 6.122555e-04 6.924054e-22)
27.425        	(2.389680e+01 4.616168e-03 6.921834e-22)	(2.391776e+01 4.002919e-03 0.000000e+00)	(-2.095477e-02 6.132496e-04 6.921834e-22)
27.45         	(2.389149e+01 4.538851e-03 6.919586e-22)	(2.391241e+01 3.925018e-03 0.000000e+00)	(-2.092575e-02 6.138326e-04 6.919586e-22)
27.475        	(2.388632e+01 4.680630e-03 6.917410e-22)	(2.390722e+01 4.065655e-03 0.000000e+00)	(-2.089579e-02 6.149744e-04 6.917410e-22)
27.5          	(2.388139e+01 4.482144e-03 6.915182e-22)	(2.390225e+01 3.866810e-03 0.000000e+00)	(-2.086459e-02 6.153337e-04 6.915182e-22)
27.525        	(2.387582e+01 4.724668e-03 6.913034e-22)	(2.389665e+01 4.108139e-03 0.000000e+00)	(-2.083314e-02 6.165296e-04 6.913034e-22)
27.55         	(2.387034e+01 4.410627e-03 6.910686e-22)	(2.389114e+01 3.794306e-03 0.000000e+00)	(-2.080057e-02 6.163208e-04 6.910686e-22)
27.575        	(2.386563e+01 4.795262e-03 6.908657e-22)	(2.388640e+01 4.177760e-03 0.000000e+00)	(-2.076661e-02 6.175012e-04 6.908657e-22)
27.6          	(2.386089e+01 4.573435e-03 6.906415e-22)	(2.388162e+01 3.955049e-03 0.000000e+00)	(-2.073193e-02 6.183859e-04 6.906415e-22)
27.625        	(2.385559e+01 4.693996e-03 6.904287e-22)	(2.387628e+01 4.074683e-03 0.000000e+00)	(-2.069709e-02 6.193130e-04 6.904287e-22)
27.65         	(2.385076e+01 4.642226e-03 6.902064e-22)	(2.387142e+01 4.022014e-03 0.000000e+00)	(-2.066128e-02 6.202125e-04 6.902064e-22)
27.675        	(2.384573e+01 4.688962e-03 6.899962e-22)	(2.386635e+01 4.067810e-03 0.000000e+00)	(-2.062474e-02 6.211522e-04 6.899962e-22)
27.7          	(2.384093e+01 4.612949e-03 6.897768e-22)	(2.386152e+01 3.991166e-03 0.000000e+00)	(-2.058723e-02 6.217833e-04 6.897768e-22)
27.725        	(2.383585e+01 4.627890e-03 6.895685e-22)	(2.385640e+01 4.005309e-03 0.000000e+00)	(-2.054987e-02 6.225810e-04 6.895685e-22)
27.75         	(2.383079e+01 4.605029e-03 6.893428e-22)	(2.385130e+01 3.981941e-03 0.000000e+00)	(-2.051112e-02 6.230884e-04 6.893428e-22)
27.775        	(2.382573e+01 4.663868e-03 6.891360e-22)	(2.384620e+01 4.039834e-03 0.000000e+00)	(-2.047242e-02 6.240348e-04 6.891360e-22)
27.8          	(2.382069e+01 4.611486e-03 6.889162e-22)	(2.384112e+01 3.986592e-03 0.000000e+00)	(-2.043335e-02 6.248936e-04 6.889162e-22)
27.825        	(2.381582e+01 4.638054e-03 6.887038e-22)	(2.383622e+01 4.012338e-03 0.000000e+00)	(-2.039306e-02 6.257156e-04 6.887038e-22)
27.85         	(2.381095e+01 4.611190e-03 6.884883e-22)	(2.383130e+01 3.984776e-03 0.000000e+00)	(-2.035229e-02 6.264142e-04 6.884883e-22)
27.875        	(2.380582e+01 4.660799e-03 6.882756e-22)	(2.382613e+01 4.033491e-03 0.000000e+00)	(-2.031123e-02 6.273082e-04 6.882756e-22)
27.9          	(2.380089e+01 4.574282e-03 6.880603e-22)	(2.382116e+01 3.946440e-03 0.000000e+00)	(-2.026952e-02 6.278425e-04 6.880603e-22)
27.925        	(2.379555e+01 4.654427e-03 6.878524e-22)	(2.381578e+01 4.025815e-03 0.000000e+00)	(-2.022783e-02 6.286125e-04 6.878524e-22)
27.95         	(2.379145e+01 4.739203e-03 6.876351e-22)	(2.381163e+01 4.109462e-03 0.000000e+00)	(-2.018372e-02 6.297406e-04 6.876351e-22)
27.975        	(2.378651e+01 4.611593e-03 6.874357e-22)	(2.380665e+01 3.981350e-03 0.000000e+00)	(-2.013953e-02 6.302430e-04 6.874357e-22)
28            	(2.378215e+01 4.778547e-03 6.872192e-22)	(2.380225e+01 4.147188e-03 0.000000e+00)	(-2.009483e-02 6.313585e-04 6.872192e-22)
28.025        	(2.377713e+01 4.545742e-03 6.870163e-22)	(2.379718e+01 3.913883e-03 0.000000e+00)	(-2.005067e-02 6.318594e-04 6.870163e-22)
28.05         	(2.377258e+01 4.806176e-03 6.867975e-22)	(2.379258e+01 4.173144e-03 0.000000e+00)	(-2.000525e-02 6.330323e-04 6.867975e-22)
28.075        	(2.376785e+01 4.616964e-03 6.865899e-22)	(2.378781e+01 3.983315e-03 0.000000e+00)	(-1.995915e-02 6.336490e-04 6.865899e-22)
28.1          	(2.376304e+01 4.727051e-03 6.863758e-22)	(2.378295e+01 4.092674e-03 0.000000e+00)	(-1.991313e-02 6.343773e-04 6.863758e-22)
28.125        	(2.375806e+01 4.560945e-03 6.861707e-22)	(2.377792e+01 3.926159e-03 0.000000e+00)	(-1.986768e-02 6.347860e-04 6.861707e-22)
28.15         	(2.375333e+01 4.585280e-03 6.859594e-22)	(2.377315e+01 3.950231e-03 0.000000e+00)	(-1.982165e-02 6.350485e-04 6.859594e-22)
28.175        	(2.374855e+01 4.803565e-03 6.857539e-22)	(2.376832e+01 4.167241e-03 0.000000e+00)	(-1.977425e-02 6.363244e-04 6.857539e-22)
28.2          	(2.374352e+01 4.560611e-03 6.855453e-22)	(2.376325e+01 3.923739e-03 0.000000e+00)	(-1.972770e-02 6.368727e-04 6.855453e-22)
28.225        	(2.373871e+01 4.719750e-03 6.853355e-22)	(2.375839e+01 4.081967e-03 0.000000e+00)	(-1.968109e-02 6.377825e-04 6.853355e-22)
28.25         	(2.373409e+01 4.647296e-03 6.851244e-22)	(2.375372e+01 4.008684e-03 0.000000e+00)	(-1.963354e-02 6.386125e-04 6.851244e-22)
28.275        	(2.372905e+01 4.637891e-03 6.849189e-22)	(2.374863e+01 3.998726e-03 0.000000e+00)	(-1.958587e-02 6.391647e-04 6.849189e-22)
28.3          	(2.372405e+01 4.648244e-03 6.847116e-22)	(2.374359e+01 4.008467e-03 0.000000e+00)	(-1.953831e-02 6.397767e-04 6.847116e-22)
28.325        	(2.371982e+01 4.740100e-03 6.844979e-22)	(2.373931e+01 4.099434e-03 0.000000e+00)	(-1.948900e-02 6.406657e-04 6.844979e-22)
28.35         	(2.371548e+01 4.773477e-03 6.842977e-22)	(2.373492e+01 4.131650e-03 0.000000e+00)	(-1.943920e-02 6.418275e-04 6.842977e-22)
28.375        	(2.371061e+01 4.588629e-03 6.840865e-22)	(2.373000e+01 3.946631e-03 0.000000e+00)	(-1.939001e-02 6.419978e-04 6.840865e-22)
28.4          	(2.370601e+01 4.819580e-03 6.838967e-22)	(2.372535e+01 4.176291e-03 0.000000e+00)	(-1.934124e-02 6.432893e-04 6.838967e-22)
28.425        	(2.370141e+01 4.597901e-03 6.836821e-22)	(2.372071e+01 3.953954e-03 0.000000e+00)	(-1.929202e-02 6.439471e-04 6.836821e-22)
28.45         	(2.369704e+01 4.733749e-03 6.834697e-22)	(2.371628e+01 4.089263e-03 0.000000e+00)	(-1.924146e-02 6.444852e-04 6.834697e-22)
28.475        	(2.369224e+01 4.671377e-03 6.832691e-22)	(2.371143e+01 4.026409e-03 0.000000e+00)	(-1.919122e-02 6.449682e-04 6.832691e-22)
28.5          	(2.368728e+01 4.721847e-03 6.830588e-22)	(2.370642e+01 4.076196e-03 0.000000e+00)	(-1.914171e-02 6.456504e-04 6.830588e-22)
28.525        	(2.368241e+01 4.605242e-03 6.828591e-22)	(2.370150e+01 3.959131e-03 0.000000e+00)	(-1.909291e-02 6.461117e-04 6.828591e-22)
28.55         	(2.367755e+01 4.685492e-03 6.826454e-22)	(2.369659e+01 4.038698e-03 0.000000e+00)	(-1.904402e-02 6.467944e-04 6.826454e-22)
28.575        	(2.367279e+01 4.576805e-03 6.824449e-22)	(2.369178e+01 3.929716e-03 0.000000e+00)	(-1.899472e-02 6.470892e-04 6.824449e-22)
28.6          	(2.366800e+01 4.754359e-03 6.822457e-22)	(2.368695e+01 4.106298e-03 0.000000e+00)	(-1.894538e-02 6.480609e-04 6.822457e-22)
28.625        	(2.366315e+01 4.607526e-03 6.820274e-22)	(2.368205e+01 3.958874e-03 0.000000e+00)	(-1.889612e-02 6.486523e-04 6.820274e-22)
28.65         	(2.365850e+01 4.692102e-03 6.818285e-22)	(2.367735e+01 4.042801e-03 0.000000e+00)	(-1.884674e-02 6.493003e-04 6.818285e-22)
28.675        	(2.365359e+01 4.628717e-03 6.816188e-22)	(2.367239e+01 3.979158e-03 0.000000e+00)	(-1.879699e-02 6.495589e-04 6.816188e-22)
28.7          	(2.364915e+01 4.894764e-03 6.814269e-22)	(2.366790e+01 4.243718e-03 0.000000e+00)	(-1.874688e-02 6.510458e-04 6.814269e-22)
28.725        	(2.364469e+01 4.548444e-03 6.812190e-22)	(2.366338e+01 3.897237e-03 0.000000e+00)	(-1.869655e-02 6.512072e-04 6.812190e-22)
28.75         	(2.364038e+01 4.923725e-03 6.810301e-22)	(2.365903e+01 4.271164e-03 0.000000e+00)	(-1.864595e-02 6.525615e-04 6.810301e-22)
28.775        	(2.363567e+01 4.389661e-03 6.808213e-22)	(2.365427e+01 3.737534e-03 0.000000e+00)	(-1.859600e-02 6.521278e-04 6.808213e-22)
28.8          	(2.363048e+01 4.938923e-03 6.806260e-22)	(2.364902e+01 4.285369e-03 0.000000e+00)	(-1.854689e-02 6.535548e-04 6.806260e-22)
28.825        	(2.362589e+01 4.538176e-03 6.804123e-22)	(2.364439e+01 3.884140e-03 0.000000e+00)	(-1.849754e-02 6.540360e-04 6.804123e-22)
28.85         	(2.362078e+01 4.764652e-03 6.802151e-22)	(2.363922e+01 4.109901e-03 0.000000e+00)	(-1.844869e-02 6.547502e-04 6.802151e-22)
28.875        	(2.361598e+01 4.607684e-03 6.800082e-22)	(2.363438e+01 3.952530e-03 0.000000e+00)	(-1.840009e-02 6.551549e-04 6.800082e-22)
28.9          	(2.361118e+01 4.721894e-03 6.798124e-22)	(2.362953e+01 4.066122e-03 0.000000e+00)	(-1.835150e-02 6.557717e-04 6.798124e-22)
28.925        	(2.360610e+01 4.631343e-03 6.796012e-22)	(2.362440e+01 3.975152e-03 0.000000e+00)	(-1.830333e-02 6.561916e-04 6.796012e-22)
28.95         	(2.360127e+01 4.759280e-03 6.794018e-22)	(2.361953e+01 4.102194e-03 0.000000e+00)	(-1.825528e-02 6.570855e-04 6.794018e-22)
28.975        	(2.359648e+01 4.638973e-03 6.791956e-22)	(2.361469e+01 3.981375e-03 0.000000e+00)	(-1.820728e-02 6.575987e-04 6.791956e-22)
29            	(2.359174e+01 4.761174e-03 6.789995e-22)	(2.360990e+01 4.102731e-03 0.000000e+00)	(-1.815921e-02 6.584428e-04 6.789995e-22)
29.025        	(2.358665e+01 4.585540e-03 6.787928e-22)	(2.360476e+01 3.926953e-03 0.000000e+00)	(-1.811170e-02 6.585872e-04 6.787928e-22)
29.05         	(2.358182e+01 4.799290e-03 6.785963e-22)	(2.359988e+01 4.139788e-03 0.000000e+00)	(-1.806438e-02 6.595013e-04 6.785963e-22)
29.075        	(2.357663e+01 4.586780e-03 6.783932e-22)	(2.359465e+01 3.927008e-03 0.000000e+00)	(-1.801768e-02 6.597719e-04 6.783932e-22)
29.1          	(2.357209e+01 5.015711e-03 6.781973e-22)	(2.359006e+01 4.354128e-03 0.000000e+00)	(-1.797018e-02 6.615830e-04 6.781973e-22)
29.125        	(2.356747e+01 4.448242e-03 6.779930e-22)	(2.358540e+01 3.787117e-03 0.000000e+00)	(-1.792264e-02 6.611243e-04 6.779930e-22)
29.15         	(2.356246e+01 5.090444e-03 6.778124e-22)	(2.358034e+01 4.427557e-03 0.000000e+00)	(-1.787603e-02 6.628868e-04 6.778124e-22)
29.175        	(2.355782e+01 4.415259e-03 6.775988e-22)	(2.357565e+01 3.752796e-03 0.000000e+00)	(-1.782939e-02 6.624631e-04 6.775988e-22)
29.2          	(2.355267e+01 4.999781e-03 6.774228e-22)	(2.357046e+01 4.335926e-03 0.000000e+00)	(-1.778372e-02 6.638542e-04 6.774228e-22)
29.225        	(2.354775e+01 4.422358e-03 6.772043e-22)	(2.356549e+01 3.758753e-03 0.000000e+00)	(-1.773856e-02 6.636047e-04 6.772043e-22)
29.25         	(2.354265e+01 4.887719e-03 6.770193e-22)	(2.356034e+01 4.223242e-03 0.000000e+00)	(-1.769366e-02 6.644770e-04 6.770193e-22)
29.275        	(2.353783e+01 4.501779e-03 6.768096e-22)	(2.355548e+01 3.837350e-03 0.000000e+00)	(-1.764883e-02 6.644292e-04 6.768096e-22)
29.3          	(2.353280e+01 4.858631e-03 6.766234e-22)	(2.355040e+01 4.193252e-03 0.000000e+00)	(-1.760430e-02 6.653783e-04 6.766234e-22)
29.325        	(2.352774e+01 4.558517e-03 6.764217e-22)	(2.354530e+01 3.892970e-03 0.000000e+00)	(-1.756024e-02 6.655475e-04 6.764217e-22)
29.35         	(2.352266e+01 4.821176e-03 6.762312e-22)	(2.354018e+01 4.154785e-03 0.000000e+00)	(-1.751655e-02 6.663907e-04 6.762312e-22)
29.375        	(2.351762e+01 4.614124e-03 6.760258e-22)	(2.353510e+01 3.947388e-03 0.000000e+00)	(-1.747325e-02 6.667366e-04 6.760258e-22)
29.4          	(2.351258e+01 4.776649e-03 6.758452e-22)	(2.353001e+01 4.109219e-03 0.000000e+00)	(-1.743029e-02 6.674305e-04 6.758452e-22)
29.425        	(2.350731e+01 4.642929e-03 6.756409e-22)	(2.352470e+01 3.975145e-03 0.000000e+00)	(-1.738806e-02 6.677840e-04 6.756409e-22)
29.45         	(2.350202e+01 4.759028e-03 6.754423e-22)	(2.351936e+01 4.090583e-03 0.000000e+00)	(-1.734654e-02 6.684441e-04 6.754423e-22)
29.475        	(2.349661e+01 4.624585e-03 6.752415e-22)	(2.351391e+01 3.955933e-03 0.000000e+00)	(-1.730575e-02 6.686527e-04 6.752415e-22)
29.5          	(2.349148e+01 4.831527e-03 6.750499e-22)	(2.350874e+01 4.162086e-03 0.000000e+00)	(-1.726495e-02 6.694415e-04 6.750499e-22)
29.525        	(2.348653e+01 4.654175e-03 6.748512e-22)	(2.350375e+01 3.984489e-03 0.000000e+00)	(-1.722404e-02 6.696859e-04 6.748512e-22)
29.55         	(2.348159e+01 4.830478e-03 6.746710e-22)	(2.349877e+01 4.159993e-03 0.000000e+00)	(-1.718350e-02 6.704855e-04 6.746710e-22)
29.575        	(2.347633e+01 4.709910e-03 6.744711e-22)	(2.349347e+01 4.038867e-03 0.000000e+00)	(-1.714377e-02 6.710422e-04 6.744711e-22)
29.6          	(2.347110e+01 4.707451e-03 6.742877e-22)	(2.348821e+01 4.036176e-03 0.000000e+00)	(-1.710459e-02 6.712753e-04 6.742877e-22)
29.625        	(2.346598e+01 4.784702e-03 6.741016e-22)	(2.348304e+01 4.112520e-03 0.000000e+00)	(-1.706581e-02 6.721814e-04 6.741016e-22)
29.65         	(2.346081e+01 4.627670e-03 6.739029e-22)	(2.347784e+01 3.955257e-03 0.000000e+00)	(-1.702757e-02 6.724137e-04 6.739029e-22)
29.675        	(2.345554e+01 4.814908e-03 6.737139e-22)	(2.347253e+01 4.141668e-03 0.000000e+00)	(-1.698969e-02 6.732392e-04 6.737139e-22)
29.7          	(2.345018e+01 4.603515e-03 6.735201e-22)	(2.346713e+01 3.930161e-03 0.000000e+00)	(-1.695242e-02 6.733540e-04 6.735201e-22)
29.725        	(2.344472e+01 4.863116e-03 6.733325e-22)	(2.346164e+01 4.188745e-03 0.000000e+00)	(-1.691591e-02 6.743701e-04 6.733325e-22)
29.75         	(2.343933e+01 4.551796e-03 6.731302e-22)	(2.345621e+01 3.877521e-03 0.000000e+00)	(-1.688009e-02 6.742747e-04 6.731302e-22)
29.775        	(2.343398e+01 4.845621e-03 6.729551e-22)	(2.345083e+01 4.170581e-03 0.000000e+00)	(-1.684463e-02 6.750399e-04 6.729551e-22)
29.8          	(2.342877e+01 4.563122e-03 6.727587e-22)	(2.344558e+01 3.888136e-03 0.000000e+00)	(-1.680935e-02 6.749859e-04 6.727587e-22)
29.825        	(2.342327e+01 4.813970e-03 6.725784e-22)	(2.344005e+01 4.138330e-03 0.000000e+00)	(-1.677475e-02 6.756398e-04 6.725784e-22)
29.85         	(2.341783e+01 4.604320e-03 6.723858e-22)	(2.343457e+01 3.928533e-03 0.000000e+00)	(-1.674084e-02 6.757869e-04 6.723858e-22)
29.875        	(2.341233e+01 4.784751e-03 6.722044e-22)	(2.342904e+01 4.108348e-03 0.000000e+00)	(-1.670760e-02 6.764025e-04 6.722044e-22)
29.9          	(2.340687e+01 4.635979e-03 6.720113e-22)	(2.342355e+01 3.959316e-03 0.000000e+00)	(-1.667484e-02 6.766635e-04 6.720113e-22)
29.925        	(2.340120e+01 4.752476e-03 6.718309e-22)	(2.341784e+01 4.075309e-03 0.000000e+00)	(-1.664280e-02 6.771670e-04 6.718309e-22)
29.95         	(2.339538e+01 4.747630e-03 6.716407e-22)	(2.341199e+01 4.069725e-03 0.000000e+00)	(-1.661181e-02 6.779050e-04 6.716407e-22)
29.975        	(2.339037e+01 4.724849e-03 6.714479e-22)	(2.340695e+01 4.046593e-03 0.000000e+00)	(-1.658029e-02 6.782564e-04 6.714479e-22)
30            	(2.338491e+01 4.988566e-03 6.712805e-22)	(2.340146e+01 4.308713e-03 0.000000e+00)	(-1.654932e-02 6.798530e-04 6.712805e-22)
30.025        	(2.337951e+01 4.538581e-03 6.710752e-22)	(2.339603e+01 3.859078e-03 0.000000e+00)	(-1.651891e-02 6.795029e-04 6.710752e-22)
30.05         	(2.337383e+01 4.928230e-03 6.709100e-22)	(2.339032e+01 4.247972e-03 0.000000e+00)	(-1.648979e-02 6.802588e-04 6.709100e-22)
30.075        	(2.336791e+01 4.564806e-03 6.707067e-22)	(2.338437e+01 3.884772e-03 0.000000e+00)	(-1.646150e-02 6.800341e-04 6.707067e-22)
30.1          	(2.336242e+01 4.960209e-03 6.705332e-22)	(2.337885e+01 4.279048e-03 0.000000e+00)	(-1.643338e-02 6.811607e-04 6.705332e-22)
30.125        	(2.335672e+01 4.483392e-03 6.703453e-22)	(2.337313e+01 3.802806e-03 0.000000e+00)	(-1.640624e-02 6.805866e-04 6.703453e-22)
30.15         	(2.335080e+01 4.943939e-03 6.701757e-22)	(2.336718e+01 4.262248e-03 0.000000e+00)	(-1.638002e-02 6.816914e-04 6.701757e-22)
30.175        	(2.334516e+01 4.522719e-03 6.699802e-22)	(2.336151e+01 3.841050e-03 0.000000e+00)	(-1.635420e-02 6.816692e-04 6.699802e-22)
30.2          	(2.333938e+01 4.924414e-03 6.698107e-22)	(2.335571e+01 4.241677e-03 0.000000e+00)	(-1.632881e-02 6.827367e-04 6.698107e-22)
30.225        	(2.333339e+01 4.507251e-03 6.696156e-22)	(2.334969e+01 3.824806e-03 0.000000e+00)	(-1.630436e-02 6.824446e-04 6.696156e-22)
30.25         	(2.332759e+01 4.909447e-03 6.694477e-22)	(2.334387e+01 4.226087e-03 0.000000e+00)	(-1.628067e-02 6.833596e-04 6.694477e-22)
30.275        	(2.332167e+01 4.514407e-03 6.692565e-22)	(2.333792e+01 3.831318e-03 0.000000e+00)	(-1.625764e-02 6.830887e-04 6.692565e-22)
30.3          	(2.331588e+01 4.938792e-03 6.690958e-22)	(2.333211e+01 4.254624e-03 0.000000e+00)	(-1.623508e-02 6.841682e-04 6.690958e-22)
30.325        	(2.330992e+01 4.554852e-03 6.688958e-22)	(2.332613e+01 3.870693e-03 0.000000e+00)	(-1.621317e-02 6.841590e-04 6.688958e-22)
30.35         	(2.330396e+01 4.806758e-03 6.687250e-22)	(2.332015e+01 4.122179e-03 0.000000e+00)	(-1.619198e-02 6.845791e-04 6.687250e-22)
30.375        	(2.329805e+01 4.673852e-03 6.685431e-22)	(2.331422e+01 3.989160e-03 0.000000e+00)	(-1.617141e-02 6.846926e-04 6.685431e-22)
30.4          	(2.329200e+01 4.792483e-03 6.683753e-22)	(2.330815e+01 4.107153e-03 0.000000e+00)	(-1.615153e-02 6.853297e-04 6.683753e-22)
30.425        	(2.328588e+01 4.492501e-03 6.681910e-22)	(2.330201e+01 3.807790e-03 0.000000e+00)	(-1.613239e-02 6.847111e-04 6.681910e-22)
30.45         	(2.328007e+01 5.027410e-03 6.680198e-22)	(2.329619e+01 4.341241e-03 0.000000e+00)	(-1.611319e-02 6.861694e-04 6.680198e-22)
30.475        	(2.327415e+01 4.498538e-03 6.678380e-22)	(2.329025e+01 3.812667e-03 0.000000e+00)	(-1.609468e-02 6.858706e-04 6.678380e-22)
30.5          	(2.326820e+01 5.063742e-03 6.676784e-22)	(2.328428e+01 4.376401e-03 0.000000e+00)	(-1.607728e-02 6.873413e-04 6.676784e-22)
30.525        	(2.326211e+01 4.444417e-03 6.674909e-22)	(2.327818e+01 3.757453e-03 0.000000e+00)	(-1.606043e-02 6.869644e-04 6.674909e-22)
30.55         	(2.325604e+01 4.906218e-03 6.673298e-22)	(2.327208e+01 4.218550e-03 0.000000e+00)	(-1.604416e-02 6.876686e-04 6.673298e-22)
30.575        	(2.324987e+01 4.616222e-03 6.671478e-22)	(2.326589e+01 3.928327e-03 0.000000e+00)	(-1.602851e-02 6.878949e-04 6.671478e-22)
30.6          	(2.324381e+01 4.782555e-03 6.669819e-22)	(2.325982e+01 4.094267e-03 0.000000e+00)	(-1.601346e-02 6.882875e-04 6.669819e-22)
30.625        	(2.323795e+01 4.743041e-03 6.668093e-22)	(2.325395e+01 4.054171e-03 0.000000e+00)	(-1.599878e-02 6.888693e-04 6.668093e-22)
30.65         	(2.323163e+01 4.688474e-03 6.666355e-22)	(2.324761e+01 3.999480e-03 0.000000e+00)	(-1.598488e-02 6.889937e-04 6.666355e-22)
30.675        	(2.322532e+01 4.726863e-03 6.664653e-22)	(2.324129e+01 4.037608e-03 0.000000e+00)	(-1.597195e-02 6.892553e-04 6.664653e-22)
30.7          	(2.321896e+01 4.741627e-03 6.662943e-22)	(2.323492e+01 4.051924e-03 0.000000e+00)	(-1.595980e-02 6.897021e-04 6.662943e-22)
30.725        	(2.321282e+01 4.672596e-03 6.661249e-22)	(2.322876e+01 3.982796e-03 0.000000e+00)	(-1.594819e-02 6.897997e-04 6.661249e-22)
30.75         	(2.320631e+01 4.752297e-03 6.659570e-22)	(2.322224e+01 4.062103e-03 0.000000e+00)	(-1.593743e-02 6.901941e-04 6.659570e-22)
30.775        	(2.320016e+01 4.659033e-03 6.657949e-22)	(2.321609e+01 3.968758e-03 0.000000e+00)	(-1.592704e-02 6.902747e-04 6.657949e-22)
30.8          	(2.319363e+01 4.768593e-03 6.656188e-22)	(2.320955e+01 4.077842e-03 0.000000e+00)	(-1.591749e-02 6.907513e-04 6.656188e-22)
30.825        	(2.318744e+01 4.729781e-03 6.654579e-22)	(2.320335e+01 4.038535e-03 0.000000e+00)	(-1.590855e-02 6.912461e-04 6.654579e-22)
30.85         	(2.318109e+01 4.674070e-03 6.652871e-22)	(2.319699e+01 3.982752e-03 0.000000e+00)	(-1.590007e-02 6.913176e-04 6.652871e-22)
30.875        	(2.317466e+01 4.778439e-03 6.651314e-22)	(2.319055e+01 4.086602e-03 0.000000e+00)	(-1.589223e-02 6.918372e-04 6.651314e-22)
30.9          	(2.316821e+01 4.680050e-03 6.649592e-22)	(2.318409e+01 3.987990e-03 0.000000e+00)	(-1.588514e-02 6.920607e-04 6.649592e-22)
30.925        	(2.316172e+01 4.760828e-03 6.648000e-22)	(2.317760e+01 4.068337e-03 0.000000e+00)	(-1.587860e-02 6.924912e-04 6.648000e-22)
30.95         	(2.315498e+01 4.673464e-03 6.646319e-22)	(2.317085e+01 3.980829e-03 0.000000e+00)	(-1.587308e-02 6.926344e-04 6.646319e-22)
30.975        	(2.314867e+01 4.849008e-03 6.644657e-22)	(2.316454e+01 4.155693e-03 0.000000e+00)	(-1.586776e-02 6.933147e-04 6.644657e-22)
31            	(2.314239e+01 4.717599e-03 6.643081e-22)	(2.315826e+01 4.023989e-03 0.000000e+00)	(-1.586273e-02 6.936103e-04 6.643081e-22)
31.025        	(2.313596e+01 4.828841e-03 6.641464e-22)	(2.315182e+01 4.134638e-03 0.000000e+00)	(-1.585836e-02 6.942037e-04 6.641464e-22)
31.05         	(2.312938e+01 4.718359e-03 6.639841e-22)	(2.314523e+01 4.023910e-03 0.000000e+00)	(-1.585481e-02 6.944493e-04 6.639841e-22)
31.075        	(2.312281e+01 4.749838e-03 6.638300e-22)	(2.313866e+01 4.055064e-03 0.000000e+00)	(-1.585223e-02 6.947741e-04 6.638300e-22)
31.1          	(2.311618e+01 4.636882e-03 6.636641e-22)	(2.313203e+01 3.942236e-03 0.000000e+00)	(-1.585033e-02 6.946461e-04 6.636641e-22)
31.125        	(2.310956e+01 4.800231e-03 6.635100e-22)	(2.312541e+01 4.105050e-03 0.000000e+00)	(-1.584870e-02 6.951810e-04 6.635100e-22)
31.15         	(2.310272e+01 4.571941e-03 6.633429e-22)	(2.311857e+01 3.877071e-03 0.000000e+00)	(-1.584801e-02 6.948700e-04 6.633429e-22)
31.175        	(2.309612e+01 4.877150e-03 6.631929e-22)	(2.311197e+01 4.181432e-03 0.000000e+00)	(-1.584804e-02 6.957180e-04 6.631929e-22)
31.2          	(2.308964e+01 4.601909e-03 6.630272e-22)	(2.310549e+01 3.906148e-03 0.000000e+00)	(-1.584825e-02 6.957618e-04 6.630272e-22)
31.225        	(2.308295e+01 4.888001e-03 6.628758e-22)	(2.309880e+01 4.191373e-03 0.000000e+00)	(-1.584899e-02 6.966281e-04 6.628758e-22)
31.25         	(2.307613e+01 4.576622e-03 6.627110e-22)	(2.309198e+01 3.880169e-03 0.000000e+00)	(-1.585050e-02 6.964528e-04 6.627110e-22)
31.275        	(2.306950e+01 4.900831e-03 6.625651e-22)	(2.308535e+01 4.203508e-03 0.000000e+00)	(-1.585248e-02 6.973227e-04 6.625651e-22)
31.3          	(2.306268e+01 4.503526e-03 6.623973e-22)	(2.307854e+01 3.806729e-03 0.000000e+00)	(-1.585509e-02 6.967969e-04 6.623973e-22)
31.325        	(2.305585e+01 4.947628e-03 6.622656e-22)	(2.307171e+01 4.249838e-03 0.000000e+00)	(-1.585839e-02 6.977901e-04 6.622656e-22)
31.35         	(2.304920e+01 4.549699e-03 6.620914e-22)	(2.306506e+01 3.852058e-03 0.000000e+00)	(-1.586213e-02 6.976406e-04 6.620914e-22)
31.375        	(2.304226e+01 4.850358e-03 6.619539e-22)	(2.305812e+01 4.152194e-03 0.000000e+00)	(-1.586666e-02 6.981639e-04 6.619539e-22)
31.4          	(2.303537e+01 4.617824e-03 6.617903e-22)	(2.305124e+01 3.919645e-03 0.000000e+00)	(-1.587177e-02 6.981783e-04 6.617903e-22)
31.425        	(2.302849e+01 4.821542e-03 6.616441e-22)	(2.304437e+01 4.122797e-03 0.000000e+00)	(-1.587740e-02 6.987447e-04 6.616441e-22)
31.45         	(2.302169e+01 4.674762e-03 6.614888e-22)	(2.303758e+01 3.975771e-03 0.000000e+00)	(-1.588348e-02 6.989907e-04 6.614888e-22)
31.475        	(2.301486e+01 4.745696e-03 6.613425e-22)	(2.303075e+01 4.046454e-03 0.000000e+00)	(-1.589009e-02 6.992423e-04 6.613425e-22)
31.5          	(2.300773e+01 4.648575e-03 6.611906e-22)	(2.302363e+01 3.949423e-03 0.000000e+00)	(-1.589753e-02 6.991523e-04 6.611906e-22)
31.525        	(2.300067e+01 4.736319e-03 6.610458e-22)	(2.301657e+01 4.036948e-03 0.000000e+00)	(-1.590569e-02 6.993709e-04 6.610458e-22)
31.55         	(2.299370e+01 4.637847e-03 6.608928e-22)	(2.300961e+01 3.938508e-03 0.000000e+00)	(-1.591423e-02 6.993386e-04 6.608928e-22)
31.575        	(2.298680e+01 4.869566e-03 6.607523e-22)	(2.300272e+01 4.169253e-03 0.000000e+00)	(-1.592310e-02 7.003135e-04 6.607523e-22)
31.6          	(2.298001e+01 4.645945e-03 6.605999e-22)	(2.299595e+01 3.945417e-03 0.000000e+00)	(-1.593235e-02 7.005276e-04 6.605999e-22)
31.625        	(2.297314e+01 4.894189e-03 6.604574e-22)	(2.298908e+01 4.192701e-03 0.000000e+00)	(-1.594206e-02 7.014872e-04 6.604574e-22)
31.65         	(2.296617e+01 4.622166e-03 6.603067e-22)	(2.298212e+01 3.920696e-03 0.000000e+00)	(-1.595241e-02 7.014700e-04 6.603067e-22)
31.675        	(2.295894e+01 4.826396e-03 6.601612e-22)	(2.297490e+01 4.124480e-03 0.000000e+00)	(-1.596371e-02 7.019165e-04 6.601612e-22)
31.7          	(2.295200e+01 4.552101e-03 6.600144e-22)	(2.296798e+01 3.850661e-03 0.000000e+00)	(-1.597545e-02 7.014400e-04 6.600144e-22)
31.725        	(2.294485e+01 4.915037e-03 6.598739e-22)	(2.296084e+01 4.212707e-03 0.000000e+00)	(-1.598760e-02 7.023305e-04 6.598739e-22)
31.75         	(2.293779e+01 4.541758e-03 6.597157e-22)	(2.295379e+01 3.839692e-03 0.000000e+00)	(-1.600032e-02 7.020657e-04 6.597157e-22)
31.775        	(2.293079e+01 4.961461e-03 6.595837e-22)	(2.294681e+01 4.258303e-03 0.000000e+00)	(-1.601343e-02 7.031584e-04 6.595837e-22)
31.8          	(2.292378e+01 4.511999e-03 6.594301e-22)	(2.293981e+01 3.809249e-03 0.000000e+00)	(-1.602692e-02 7.027492e-04 6.594301e-22)
31.825        	(2.291667e+01 4.944381e-03 6.592946e-22)	(2.293271e+01 4.240743e-03 0.000000e+00)	(-1.604087e-02 7.036381e-04 6.592946e-22)
31.85         	(2.290956e+01 4.576581e-03 6.591406e-22)	(2.292562e+01 3.873035e-03 0.000000e+00)	(-1.605529e-02 7.035461e-04 6.591406e-22)
31.875        	(2.290225e+01 4.830455e-03 6.590009e-22)	(2.291833e+01 4.126505e-03 0.000000e+00)	(-1.607040e-02 7.039506e-04 6.590009e-22)
31.9          	(2.289511e+01 4.604771e-03 6.588521e-22)	(2.291120e+01 3.900982e-03 0.000000e+00)	(-1.608599e-02 7.037893e-04 6.588521e-22)
31.925        	(2.288798e+01 4.839302e-03 6.587158e-22)	(2.290408e+01 4.134912e-03 0.000000e+00)	(-1.610188e-02 7.043896e-04 6.587158e-22)
31.95         	(2.288088e+01 4.655760e-03 6.585677e-22)	(2.289699e+01 3.951222e-03 0.000000e+00)	(-1.611812e-02 7.045378e-04 6.585677e-22)
31.975        	(2.287386e+01 4.832610e-03 6.584315e-22)	(2.288999e+01 4.127433e-03 0.000000e+00)	(-1.613445e-02 7.051773e-04 6.584315e-22)
32            	(2.286663e+01 4.634158e-03 6.582886e-22)	(2.288278e+01 3.929018e-03 0.000000e+00)	(-1.615137e-02 7.051401e-04 6.582886e-22)
32.025        	(2.285933e+01 4.831641e-03 6.581546e-22)	(2.287550e+01 4.125918e-03 0.000000e+00)	(-1.616887e-02 7.057227e-04 6.581546e-22)
32.05         	(2.285208e+01 4.646489e-03 6.580064e-22)	(2.286827e+01 3.940713e-03 0.000000e+00)	(-1.618696e-02 7.057763e-04 6.580064e-22)
32.075        	(2.284490e+01 4.805303e-03 6.578737e-22)	(2.286110e+01 4.099057e-03 0.000000e+00)	(-1.620534e-02 7.062462e-04 6.578737e-22)
32.1          	(2.283752e+01 4.629263e-03 6.577247e-22)	(2.285374e+01 3.923135e-03 0.000000e+00)	(-1.622418e-02 7.061279e-04 6.577247e-22)
32.125        	(2.283039e+01 4.818696e-03 6.576020e-22)	(2.284663e+01 4.112008e-03 0.000000e+00)	(-1.624309e-02 7.066877e-04 6.576020e-22)
32.15         	(2.282295e+01 4.581535e-03 6.574560e-22)	(2.283921e+01 3.875146e-03 0.000000e+00)	(-1.626267e-02 7.063895e-04 6.574560e-22)
32.175        	(2.281569e+01 4.843481e-03 6.573339e-22)	(2.283197e+01 4.136453e-03 0.000000e+00)	(-1.628261e-02 7.070285e-04 6.573339e-22)
32.2          	(2.280822e+01 4.554097e-03 6.571791e-22)	(2.282452e+01 3.847399e-03 0.000000e+00)	(-1.630302e-02 7.066976e-04 6.571791e-22)
32.225        	(2.280105e+01 4.906495e-03 6.570615e-22)	(2.281737e+01 4.198876e-03 0.000000e+00)	(-1.632368e-02 7.076187e-04 6.570615e-22)
32.25         	(2.279388e+01 4.575084e-03 6.569173e-22)	(2.281023e+01 3.867538e-03 0.000000e+00)	(-1.634430e-02 7.075468e-04 6.569173e-22)
32.275        	(2.278684e+01 4.954246e-03 6.567964e-22)	(2.280321e+01 4.245608e-03 0.000000e+00)	(-1.636474e-02 7.086376e-04 6.567964e-22)
32.3          	(2.277945e+01 4.507467e-03 6.566521e-22)	(2.279584e+01 3.799348e-03 0.000000e+00)	(-1.638591e-02 7.081193e-04 6.566521e-22)
32.325        	(2.277229e+01 4.968742e-03 6.565328e-22)	(2.278870e+01 4.259614e-03 0.000000e+00)	(-1.640770e-02 7.091271e-04 6.565328e-22)
32.35         	(2.276482e+01 4.476676e-03 6.563826e-22)	(2.278125e+01 3.768096e-03 0.000000e+00)	(-1.642987e-02 7.085806e-04 6.563826e-22)
32.375        	(2.275757e+01 4.893626e-03 6.562690e-22)	(2.277402e+01 4.184444e-03 0.000000e+00)	(-1.645206e-02 7.091816e-04 6.562690e-22)
32.4          	(2.275024e+01 4.695045e-03 6.561297e-22)	(2.276671e+01 3.985357e-03 0.000000e+00)	(-1.647454e-02 7.096879e-04 6.561297e-22)
32.425        	(2.274286e+01 4.736955e-03 6.560026e-22)	(2.275935e+01 4.027094e-03 0.000000e+00)	(-1.649738e-02 7.098610e-04 6.560026e-22)
32.45         	(2.273554e+01 4.806879e-03 6.558742e-22)	(2.275206e+01 4.096377e-03 0.000000e+00)	(-1.652051e-02 7.105013e-04 6.558742e-22)
32.475        	(2.272826e+01 4.665885e-03 6.557437e-22)	(2.274480e+01 3.955379e-03 0.000000e+00)	(-1.654389e-02 7.105060e-04 6.557437e-22)
32.5          	(2.272095e+01 4.797189e-03 6.556187e-22)	(2.273752e+01 4.086282e-03 0.000000e+00)	(-1.656743e-02 7.109063e-04 6.556187e-22)
32.525        	(2.271365e+01 4.699842e-03 6.554868e-22)	(2.273024e+01 3.988746e-03 0.000000e+00)	(-1.659123e-02 7.110964e-04 6.554868e-22)
32.55         	(2.270630e+01 4.728124e-03 6.553612e-22)	(2.272291e+01 4.016907e-03 0.000000e+00)	(-1.661523e-02 7.112165e-04 6.553612e-22)
32.575        	(2.269900e+01 4.746377e-03 6.552413e-22)	(2.271564e+01 4.034829e-03 0.000000e+00)	(-1.663944e-02 7.115479e-04 6.552413e-22)
32.6          	(2.269161e+01 4.743972e-03 6.551168e-22)	(2.270827e+01 4.032083e-03 0.000000e+00)	(-1.666390e-02 7.118891e-04 6.551168e-22)
32.625        	(2.268435e+01 4.761835e-03 6.549942e-22)	(2.270104e+01 4.049519e-03 0.000000e+00)	(-1.668842e-02 7.123157e-04 6.549942e-22)
32.65         	(2.267714e+01 4.734504e-03 6.548726e-22)	(2.269385e+01 4.021891e-03 0.000000e+00)	(-1.671303e-02 7.126131e-04 6.548726e-22)
32.675        	(2.266991e+01 4.722058e-03 6.547542e-22)	(2.268664e+01 4.009280e-03 0.000000e+00)	(-1.673769e-02 7.127778e-04 6.547542e-22)
32.7          	(2.266265e+01 4.707570e-03 6.546313e-22)	(2.267941e+01 3.994703e-03 0.000000e+00)	(-1.676245e-02 7.128666e-04 6.546313e-22)
32.725        	(2.265537e+01 4.735595e-03 6.545166e-22)	(2.267215e+01 4.022497e-03 0.000000e+00)	(-1.678745e-02 7.130982e-04 6.545166e-22)
32.75         	(2.264779e+01 4.690403e-03 6.543887e-22)	(2.266461e+01 3.977236e-03 0.000000e+00)	(-1.681303e-02 7.131669e-04 6.543887e-22)
32.775        	(2.264051e+01 4.734792e-03 6.542704e-22)	(2.265735e+01 4.021352e-03 0.000000e+00)	(-1.683865e-02 7.134405e-04 6.542704e-22)
32.8          	(2.263308e+01 4.754862e-03 6.541432e-22)	(2.264995e+01 4.040965e-03 0.000000e+00)	(-1.686457e-02 7.138968e-04 6.541432e-22)
32.825        	(2.262590e+01 4.764753e-03 6.540284e-22)	(2.264279e+01 4.050337e-03 0.000000e+00)	(-1.689047e-02 7.144164e-04 6.540284e-22)
32.85         	(2.261856e+01 4.705495e-03 6.539069e-22)	(2.263548e+01 3.990917e-03 0.000000e+00)	(-1.691645e-02 7.145776e-04 6.539069e-22)
32.875        	(2.261122e+01 4.733651e-03 6.537916e-22)	(2.262816e+01 4.018875e-03 0.000000e+00)	(-1.694257e-02 7.147760e-04 6.537916e-22)
32.9          	(2.260377e+01 4.795388e-03 6.536747e-22)	(2.262074e+01 4.080018e-03 0.000000e+00)	(-1.696899e-02 7.153707e-04 6.536747e-22)
32.925        	(2.259658e+01 4.612729e-03 6.535543e-22)	(2.261358e+01 3.897612e-03 0.000000e+00)	(-1.699537e-02 7.151166e-04 6.535543e-22)
32.95         	(2.258904e+01 4.811809e-03 6.534423e-22)	(2.260607e+01 4.096243e-03 0.000000e+00)	(-1.702209e-02 7.155653e-04 6.534423e-22)
32.975        	(2.258180e+01 4.742064e-03 6.533212e-22)	(2.259885e+01 4.025984e-03 0.000000e+00)	(-1.704886e-02 7.160805e-04 6.533212e-22)
33            	(2.257469e+01 4.701624e-03 6.532088e-22)	(2.259177e+01 3.985441e-03 0.000000e+00)	(-1.707496e-02 7.161827e-04 6.532088e-22)
33.025        	(2.256741e+01 4.851811e-03 6.530945e-22)	(2.258451e+01 4.134864e-03 0.000000e+00)	(-1.710133e-02 7.169472e-04 6.530945e-22)
33.05         	(2.256028e+01 4.652720e-03 6.529811e-22)	(2.257741e+01 3.935792e-03 0.000000e+00)	(-1.712779e-02 7.169283e-04 6.529811e-22)
33.075        	(2.255302e+01 4.856690e-03 6.528706e-22)	(2.257018e+01 4.139221e-03 0.000000e+00)	(-1.715438e-02 7.174700e-04 6.528706e-22)
33.1          	(2.254571e+01 4.639390e-03 6.527551e-22)	(2.256289e+01 3.921971e-03 0.000000e+00)	(-1.718153e-02 7.174196e-04 6.527551e-22)
33.125        	(2.253842e+01 4.762612e-03 6.526479e-22)	(2.255562e+01 4.045034e-03 0.000000e+00)	(-1.720863e-02 7.175774e-04 6.526479e-22)
33.15         	(2.253119e+01 4.714207e-03 6.525338e-22)	(2.254843e+01 3.996365e-03 0.000000e+00)	(-1.723541e-02 7.178427e-04 6.525338e-22)
33.175        	(2.252392e+01 4.789409e-03 6.524237e-22)	(2.254119e+01 4.071025e-03 0.000000e+00)	(-1.726240e-02 7.183839e-04 6.524237e-22)
33.2          	(2.251671e+01 4.742024e-03 6.523134e-22)	(2.253400e+01 4.023246e-03 0.000000e+00)	(-1.728927e-02 7.187782e-04 6.523134e-22)
33.225        	(2.250965e+01 4.709839e-03 6.522051e-22)	(2.252697e+01 3.991004e-03 0.000000e+00)	(-1.731586e-02 7.188353e-04 6.522051e-22)
33.25         	(2.250223e+01 4.819513e-03 6.520915e-22)	(2.251957e+01 4.100094e-03 0.000000e+00)	(-1.734259e-02 7.194186e-04 6.520915e-22)
33.275        	(2.249514e+01 4.721227e-03 6.519838e-22)	(2.251251e+01 4.001513e-03 0.000000e+00)	(-1.736940e-02 7.197134e-04 6.519838e-22)
33.3          	(2.248785e+01 4.729986e-03 6.518735e-22)	(2.250525e+01 4.010165e-03 0.000000e+00)	(-1.739635e-02 7.198212e-04 6.518735e-22)
33.325        	(2.248073e+01 4.738681e-03 6.517703e-22)	(2.249815e+01 4.018650e-03 0.000000e+00)	(-1.742321e-02 7.200314e-04 6.517703e-22)
33.35         	(2.247349e+01 4.707267e-03 6.516635e-22)	(2.249094e+01 3.987156e-03 0.000000e+00)	(-1.745006e-02 7.201108e-04 6.516635e-22)
33.375        	(2.246648e+01 4.824306e-03 6.515637e-22)	(2.248396e+01 4.103636e-03 0.000000e+00)	(-1.747628e-02 7.206699e-04 6.515637e-22)
33.4          	(2.245931e+01 4.773617e-03 6.514511e-22)	(2.247681e+01 4.052451e-03 0.000000e+00)	(-1.750263e-02 7.211665e-04 6.514511e-22)
33.425        	(2.245220e+01 4.772189e-03 6.513465e-22)	(2.246973e+01 4.050595e-03 0.000000e+00)	(-1.752943e-02 7.215946e-04 6.513465e-22)
33.45         	(2.244509e+01 4.737236e-03 6.512427e-22)	(2.246264e+01 4.015417e-03 0.000000e+00)	(-1.755613e-02 7.218192e-04 6.512427e-22)
33.475        	(2.243792e+01 4.759730e-03 6.511345e-22)	(2.245550e+01 4.037636e-03 0.000000e+00)	(-1.758244e-02 7.220939e-04 6.511345e-22)
33.5          	(2.243095e+01 4.750152e-03 6.510340e-22)	(2.244856e+01 4.027760e-03 0.000000e+00)	(-1.760862e-02 7.223927e-04 6.510340e-22)
33.525        	(2.242378e+01 4.715840e-03 6.509289e-22)	(2.244142e+01 3.993341e-03 0.000000e+00)	(-1.763479e-02 7.224984e-04 6.509289e-22)
33.55         	(2.241689e+01 4.755923e-03 6.508256e-22)	(2.243455e+01 4.033155e-03 0.000000e+00)	(-1.766056e-02 7.227679e-04 6.508256e-22)
33.575        	(2.240969e+01 4.693325e-03 6.507218e-22)	(2.242738e+01 3.970522e-03 0.000000e+00)	(-1.768638e-02 7.228031e-04 6.507218e-22)
33.6          	(2.240273e+01 4.709955e-03 6.506190e-22)	(2.242044e+01 3.987106e-03 0.000000e+00)	(-1.771214e-02 7.228491e-04 6.506190e-22)
33.625        	(2.239553e+01 4.817893e-03 6.505165e-22)	(2.241327e+01 4.094366e-03 0.000000e+00)	(-1.773775e-02 7.235269e-04 6.505165e-22)
33.65         	(2.238851e+01 4.647442e-03 6.504134e-22)	(2.240627e+01 3.923957e-03 0.000000e+00)	(-1.776346e-02 7.234848e-04 6.504134e-22)
33.675        	(2.238162e+01 4.938257e-03 6.503140e-22)	(2.239941e+01 4.213661e-03 0.000000e+00)	(-1.778884e-02 7.245961e-04 6.503140e-22)
33.7          	(2.237447e+01 4.597814e-03 6.502056e-22)	(2.239228e+01 3.873395e-03 0.000000e+00)	(-1.781423e-02 7.244192e-04 6.502056e-22)
33.725        	(2.236760e+01 4.906370e-03 6.501094e-22)	(2.238544e+01 4.181249e-03 0.000000e+00)	(-1.783964e-02 7.251209e-04 6.501094e-22)
33.75         	(2.236048e+01 4.588161e-03 6.500067e-22)	(2.237834e+01 3.863333e-03 0.000000e+00)	(-1.786504e-02 7.248279e-04 6.500067e-22)
33.775        	(2.235362e+01 4.883657e-03 6.499170e-22)	(2.237151e+01 4.158213e-03 0.000000e+00)	(-1.789014e-02 7.254436e-04 6.499170e-22)
33.8          	(2.234666e+01 4.744517e-03 6.498180e-22)	(2.236457e+01 4.018521e-03 0.000000e+00)	(-1.791481e-02 7.259961e-04 6.498180e-22)
33.825        	(2.233981e+01 4.714425e-03 6.497168e-22)	(2.235775e+01 3.988480e-03 0.000000e+00)	(-1.793900e-02 7.259450e-04 6.497168e-22)
33.85         	(2.233301e+01 4.798649e-03 6.496207e-22)	(2.235098e+01 4.072426e-03 0.000000e+00)	(-1.796304e-02 7.262222e-04 6.496207e-22)
33.875        	(2.232621e+01 4.839555e-03 6.495297e-22)	(2.234420e+01 4.112558e-03 0.000000e+00)	(-1.798689e-02 7.269973e-04 6.495297e-22)
33.9          	(2.231931e+01 4.684044e-03 6.494324e-22)	(2.233732e+01 3.957045e-03 0.000000e+00)	(-1.801070e-02 7.269987e-04 6.494324e-22)
33.925        	(2.231255e+01 4.831462e-03 6.493380e-22)	(2.233058e+01 4.103987e-03 0.000000e+00)	(-1.803468e-02 7.274752e-04 6.493380e-22)
33.95         	(2.230557e+01 4.655158e-03 6.492302e-22)	(2.232363e+01 3.927795e-03 0.000000e+00)	(-1.805854e-02 7.273631e-04 6.492302e-22)
33.975        	(2.229879e+01 4.816747e-03 6.491366e-22)	(2.231687e+01 4.088995e-03 0.000000e+00)	(-1.808196e-02 7.277527e-04 6.491366e-22)
34            	(2.229201e+01 4.757084e-03 6.490321e-22)	(2.231011e+01 4.028872e-03 0.000000e+00)	(-1.810480e-02 7.282119e-04 6.490321e-22)
34.025        	(2.228515e+01 4.800932e-03 6.489433e-22)	(2.230328e+01 4.072244e-03 0.000000e+00)	(-1.812769e-02 7.286872e-04 6.489433e-22)
34.05         	(2.227846e+01 4.793514e-03 6.488437e-22)	(2.229661e+01 4.064335e-03 0.000000e+00)	(-1.815035e-02 7.291793e-04 6.488437e-22)
34.075        	(2.227174e+01 4.747205e-03 6.487505e-22)	(2.228992e+01 4.017852e-03 0.000000e+00)	(-1.817289e-02 7.293531e-04 6.487505e-22)
34.1          	(2.226509e+01 4.766541e-03 6.486544e-22)	(2.228328e+01 4.037009e-03 0.000000e+00)	(-1.819523e-02 7.295320e-04 6.486544e-22)
34.125        	(2.225837e+01 4.762491e-03 6.485592e-22)	(2.227659e+01 4.032735e-03 0.000000e+00)	(-1.821722e-02 7.297562e-04 6.485592e-22)
34.15         	(2.225173e+01 4.798400e-03 6.484647e-22)	(2.226997e+01 4.068200e-03 0.000000e+00)	(-1.823883e-02 7.302007e-04 6.484647e-22)
34.175        	(2.224514e+01 4.793897e-03 6.483706e-22)	(2.226340e+01 4.063196e-03 0.000000e+00)	(-1.825999e-02 7.307012e-04 6.483706e-22)
34.2          	(2.223837e+01 4.736797e-03 6.482539e-22)	(2.225665e+01 4.005985e-03 0.000000e+00)	(-1.828114e-02 7.308128e-04 6.482539e-22)
34.225        	(2.223177e+01 4.782172e-03 6.481403e-22)	(2.225007e+01 4.051105e-03 0.000000e+00)	(-1.830239e-02 7.310677e-04 6.481403e-22)
34.25         	(2.222512e+01 4.805758e-03 6.480228e-22)	(2.224344e+01 4.074185e-03 0.000000e+00)	(-1.832319e-02 7.315728e-04 6.480228e-22)
34.275        	(2.221858e+01 4.743678e-03 6.479074e-22)	(2.223692e+01 4.011990e-03 0.000000e+00)	(-1.834332e-02 7.316882e-04 6.479074e-22)
34.3          	(2.221209e+01 4.849175e-03 6.477955e-22)	(2.223045e+01 4.116946e-03 0.000000e+00)	(-1.836323e-02 7.322293e-04 6.477955e-22)
34.325        	(2.220551e+01 4.732197e-03 6.476771e-22)	(2.222389e+01 3.999835e-03 0.000000e+00)	(-1.838301e-02 7.323622e-04 6.476771e-22)
34.35         	(2.219903e+01 4.830044e-03 6.475625e-22)	(2.221743e+01 4.097213e-03 0.000000e+00)	(-1.840257e-02 7.328310e-04 6.475625e-22)
34.375        	(2.219254e+01 4.755209e-03 6.474514e-22)	(2.221096e+01 4.022160e-03 0.000000e+00)	(-1.842175e-02 7.330493e-04 6.474514e-22)
34.4          	(2.218620e+01 4.780580e-03 6.473423e-22)	(2.220464e+01 4.047261e-03 0.000000e+00)	(-1.844056e-02 7.333190e-04 6.473423e-22)
34.425        	(2.217971e+01 4.708480e-03 6.472275e-22)	(2.219817e+01 3.975167e-03 0.000000e+00)	(-1.845923e-02 7.333132e-04 6.472275e-22)
34.45         	(2.217332e+01 4.809878e-03 6.471160e-22)	(2.219180e+01 4.076183e-03 0.000000e+00)	(-1.847741e-02 7.336948e-04 6.471160e-22)
34.475        	(2.216697e+01 4.726602e-03 6.470066e-22)	(2.218546e+01 3.992707e-03 0.000000e+00)	(-1.849521e-02 7.338954e-04 6.470066e-22)
34.5          	(2.216058e+01 4.824467e-03 6.468946e-22)	(2.217909e+01 4.090060e-03 0.000000e+00)	(-1.851279e-02 7.344069e-04 6.468946e-22)
34.525        	(2.215424e+01 4.723239e-03 6.467819e-22)	(2.217277e+01 3.988668e-03 0.000000e+00)	(-1.853015e-02 7.345710e-04 6.467819e-22)
34.55         	(2.214796e+01 4.835439e-03 6.466719e-22)	(2.216651e+01 4.100336e-03 0.000000e+00)	(-1.854698e-02 7.351021e-04 6.466719e-22)
34.575        	(2.214162e+01 4.786559e-03 6.465584e-22)	(2.216018e+01 4.050964e-03 0.000000e+00)	(-1.856357e-02 7.355952e-04 6.465584e-22)
34.6          	(2.213538e+01 4.804457e-03 6.464432e-22)	(2.215396e+01 4.068492e-03 0.000000e+00)	(-1.857976e-02 7.359648e-04 6.464432e-22)
34.625        	(2.212913e+01 4.770331e-03 6.463271e-22)	(2.214772e+01 4.034181e-03 0.000000e+00)	(-1.859566e-02 7.361501e-04 6.463271e-22)
34.65         	(2.212289e+01 4.823300e-03 6.462164e-22)	(2.214151e+01 4.086815e-03 0.000000e+00)	(-1.861125e-02 7.364848e-04 6.462164e-22)
34.675        	(2.211675e+01 4.786348e-03 6.461059e-22)	(2.213537e+01 4.049590e-03 0.000000e+00)	(-1.862643e-02 7.367583e-04 6.461059e-22)
34.7          	(2.211052e+01 4.770200e-03 6.459966e-22)	(2.212916e+01 4.033241e-03 0.000000e+00)	(-1.864143e-02 7.369589e-04 6.459966e-22)
34.725        	(2.210432e+01 4.800069e-03 6.458833e-22)	(2.212297e+01 4.062833e-03 0.000000e+00)	(-1.865599e-02 7.372361e-04 6.458833e-22)
34.75         	(2.209812e+01 4.870240e-03 6.457723e-22)	(2.211679e+01 4.132307e-03 0.000000e+00)	(-1.867031e-02 7.379336e-04 6.457723e-22)
34.775        	(2.209202e+01 4.726809e-03 6.456596e-22)	(2.211070e+01 3.988837e-03 0.000000e+00)	(-1.868438e-02 7.379719e-04 6.456596e-22)
34.8          	(2.208598e+01 4.906305e-03 6.455534e-22)	(2.210467e+01 4.167633e-03 0.000000e+00)	(-1.869797e-02 7.386721e-04 6.455534e-22)
34.825        	(2.207964e+01 4.742379e-03 6.454384e-22)	(2.209835e+01 4.003515e-03 0.000000e+00)	(-1.871162e-02 7.388632e-04 6.454384e-22)
34.85         	(2.207384e+01 4.862766e-03 6.453307e-22)	(2.209256e+01 4.123450e-03 0.000000e+00)	(-1.872447e-02 7.393167e-04 6.453307e-22)
34.875        	(2.206767e+01 4.767629e-03 6.452191e-22)	(2.208640e+01 4.028111e-03 0.000000e+00)	(-1.873718e-02 7.395181e-04 6.452191e-22)
34.9          	(2.206161e+01 4.787585e-03 6.451075e-22)	(2.208036e+01 4.047976e-03 0.000000e+00)	(-1.874968e-02 7.396089e-04 6.451075e-22)
34.925        	(2.205560e+01 4.786217e-03 6.449945e-22)	(2.207436e+01 4.046416e-03 0.000000e+00)	(-1.876177e-02 7.398018e-04 6.449945e-22)
34.95         	(2.204971e+01 4.788670e-03 6.448914e-22)	(2.206849e+01 4.048644e-03 0.000000e+00)	(-1.877337e-02 7.400264e-04 6.448914e-22)
34.975        	(2.204375e+01 4.905733e-03 6.447822e-22)	(2.206254e+01 4.164838e-03 0.000000e+00)	(-1.878458e-02 7.408953e-04 6.447822e-22)
35            	(2.203787e+01 4.802287e-03 6.446729e-22)	(2.205667e+01 4.060922e-03 0.000000e+00)	(-1.879540e-02 7.413649e-04 6.446729e-22)
35.025        	(2.203210e+01 4.830427e-03 6.445650e-22)	(2.205091e+01 4.088744e-03 0.000000e+00)	(-1.880568e-02 7.416830e-04 6.445650e-22)
35.05         	(2.202631e+01 4.795860e-03 6.444579e-22)	(2.204513e+01 4.053927e-03 0.000000e+00)	(-1.881556e-02 7.419330e-04 6.444579e-22)
35.075        	(2.202040e+01 4.782057e-03 6.443475e-22)	(2.203923e+01 4.040011e-03 0.000000e+00)	(-1.882523e-02 7.420464e-04 6.443475e-22)
35.1          	(2.201468e+01 4.780559e-03 6.442378e-22)	(2.203352e+01 4.038378e-03 0.000000e+00)	(-1.883451e-02 7.421811e-04 6.442378e-22)
35.125        	(2.200885e+01 4.796077e-03 6.441281e-22)	(2.202769e+01 4.053651e-03 0.000000e+00)	(-1.884337e-02 7.424256e-04 6.441281e-22)
35.15         	(2.200324e+01 4.771930e-03 6.440267e-22)	(2.202210e+01 4.029253e-03 0.000000e+00)	(-1.885175e-02 7.426771e-04 6.440267e-22)
35.175        	(2.199735e+01 4.811309e-03 6.439136e-22)	(2.201621e+01 4.068299e-03 0.000000e+00)	(-1.885986e-02 7.430096e-04 6.439136e-22)
35.2          	(2.199179e+01 4.746040e-03 6.438074e-22)	(2.201066e+01 4.002925e-03 0.000000e+00)	(-1.886761e-02 7.431147e-04 6.438074e-22)
35.225        	(2.198605e+01 4.849344e-03 6.436968e-22)	(2.200493e+01 4.105684e-03 0.000000e+00)	(-1.887497e-02 7.436604e-04 6.436968e-22)
35.25         	(2.198042e+01 4.809766e-03 6.435923e-22)	(2.199930e+01 4.065586e-03 0.000000e+00)	(-1.888193e-02 7.441801e-04 6.435923e-22)
35.275        	(2.197485e+01 4.800198e-03 6.434817e-22)	(2.199374e+01 4.055709e-03 0.000000e+00)	(-1.888831e-02 7.444887e-04 6.434817e-22)
35.3          	(2.196920e+01 4.797164e-03 6.433713e-22)	(2.198810e+01 4.052429e-03 0.000000e+00)	(-1.889448e-02 7.447356e-04 6.433713e-22)
35.325        	(2.196369e+01 4.808177e-03 6.432669e-22)	(2.198259e+01 4.063129e-03 0.000000e+00)	(-1.890021e-02 7.450482e-04 6.432669e-22)
35.35         	(2.195811e+01 4.790341e-03 6.431592e-22)	(2.197702e+01 4.045059e-03 0.000000e+00)	(-1.890559e-02 7.452822e-04 6.431592e-22)
35.375        	(2.195262e+01 4.787046e-03 6.430526e-22)	(2.197153e+01 4.041595e-03 0.000000e+00)	(-1.891048e-02 7.454508e-04 6.430526e-22)
35.4          	(2.194710e+01 4.872385e-03 6.429462e-22)	(2.196601e+01 4.126406e-03 0.000000e+00)	(-1.891485e-02 7.459796e-04 6.429462e-22)
35.425        	(2.194171e+01 4.828759e-03 6.428420e-22)	(2.196063e+01 4.082417e-03 0.000000e+00)	(-1.891876e-02 7.463417e-04 6.428420e-22)
35.45         	(2.193626e+01 4.849954e-03 6.427339e-22)	(2.195518e+01 4.103193e-03 0.000000e+00)	(-1.892242e-02 7.467604e-04 6.427339e-22)
35.475        	(2.193078e+01 4.797122e-03 6.426272e-22)	(2.194971e+01 4.050148e-03 0.000000e+00)	(-1.892583e-02 7.469739e-04 6.426272e-22)
35.5          	(2.192537e+01 4.820293e-03 6.425210e-22)	(2.194430e+01 4.073089e-03 0.000000e+00)	(-1.892889e-02 7.472044e-04 6.425210e-22)
35.525        	(2.191998e+01 4.792371e-03 6.424148e-22)	(2.193891e+01 4.045007e-03 0.000000e+00)	(-1.893160e-02 7.473647e-04 6.424148e-22)
35.55         	(2.191461e+01 4.883522e-03 6.423103e-22)	(2.193354e+01 4.135563e-03 0.000000e+00)	(-1.893393e-02 7.479589e-04 6.423103e-22)
35.575        	(2.190925e+01 4.849972e-03 6.422026e-22)	(2.192819e+01 4.101447e-03 0.000000e+00)	(-1.893592e-02 7.485252e-04 6.422026e-22)
35.6          	(2.190395e+01 4.880621e-03 6.420863e-22)	(2.192289e+01 4.131584e-03 0.000000e+00)	(-1.893743e-02 7.490371e-04 6.420863e-22)
35.625        	(2.189884e+01 4.776582e-03 6.419942e-22)	(2.191778e+01 4.027413e-03 0.000000e+00)	(-1.893853e-02 7.491690e-04 6.419942e-22)
35.65         	(2.189346e+01 4.894395e-03 6.418817e-22)	(2.191240e+01 4.144747e-03 0.000000e+00)	(-1.893928e-02 7.496479e-04 6.418817e-22)
35.675        	(2.188838e+01 4.757783e-03 6.417786e-22)	(2.190732e+01 4.008064e-03 0.000000e+00)	(-1.893961e-02 7.497190e-04 6.417786e-22)
35.7          	(2.188309e+01 4.867684e-03 6.416685e-22)	(2.190203e+01 4.117655e-03 0.000000e+00)	(-1.893953e-02 7.500290e-04 6.416685e-22)
35.725        	(2.187803e+01 4.740856e-03 6.415632e-22)	(2.189697e+01 3.990857e-03 0.000000e+00)	(-1.893910e-02 7.499997e-04 6.415632e-22)
35.75         	(2.187289e+01 4.858011e-03 6.414585e-22)	(2.189183e+01 4.107648e-03 0.000000e+00)	(-1.893822e-02 7.503631e-04 6.414585e-22)
35.775        	(2.186774e+01 4.795567e-03 6.413519e-22)	(2.188668e+01 4.044911e-03 0.000000e+00)	(-1.893707e-02 7.506556e-04 6.413519e-22)
35.8          	(2.186265e+01 4.846740e-03 6.412481e-22)	(2.188159e+01 4.095694e-03 0.000000e+00)	(-1.893554e-02 7.510459e-04 6.412481e-22)
35.825        	(2.185754e+01 4.824891e-03 6.411426e-22)	(2.187647e+01 4.073476e-03 0.000000e+00)	(-1.893367e-02 7.514152e-04 6.411426e-22)
35.85         	(2.185244e+01 4.800582e-03 6.410343e-22)	(2.187137e+01 4.049005e-03 0.000000e+00)	(-1.893151e-02 7.515771e-04 6.410343e-22)
35.875        	(2.184740e+01 4.855461e-03 6.409212e-22)	(2.186633e+01 4.103477e-03 0.000000e+00)	(-1.892895e-02 7.519839e-04 6.409212e-22)
35.9          	(2.184237e+01 4.788002e-03 6.408270e-22)	(2.186130e+01 4.035857e-03 0.000000e+00)	(-1.892609e-02 7.521450e-04 6.408270e-22)
35.925        	(2.183764e+01 4.897144e-03 6.407233e-22)	(2.185656e+01 4.144418e-03 0.000000e+00)	(-1.892246e-02 7.527268e-04 6.407233e-22)
35.95         	(2.183261e+01 4.908101e-03 6.406220e-22)	(2.185153e+01 4.154562e-03 0.000000e+00)	(-1.891860e-02 7.535393e-04 6.406220e-22)
35.975        	(2.182775e+01 4.887033e-03 6.405150e-22)	(2.184667e+01 4.132876e-03 0.000000e+00)	(-1.891435e-02 7.541567e-04 6.405150e-22)
36            	(2.182293e+01 4.822639e-03 6.404095e-22)	(2.184184e+01 4.068319e-03 0.000000e+00)	(-1.890967e-02 7.543198e-04 6.404095e-22)
36.025        	(2.181802e+01 4.836886e-03 6.403027e-22)	(2.183692e+01 4.082463e-03 0.000000e+00)	(-1.890475e-02 7.544226e-04 6.403027e-22)
36.05         	(2.181314e+01 4.805961e-03 6.401974e-22)	(2.183204e+01 4.051499e-03 0.000000e+00)	(-1.889958e-02 7.544618e-04 6.401974e-22)
36.075        	(2.180832e+01 4.837284e-03 6.400916e-22)	(2.182722e+01 4.082626e-03 0.000000e+00)	(-1.889400e-02 7.546581e-04 6.400916e-22)
36.1          	(2.180354e+01 4.889911e-03 6.399804e-22)	(2.182243e+01 4.134685e-03 0.000000e+00)	(-1.888798e-02 7.552262e-04 6.399804e-22)
36.125        	(2.179875e+01 4.890933e-03 6.398863e-22)	(2.181763e+01 4.135076e-03 0.000000e+00)	(-1.888171e-02 7.558578e-04 6.398863e-22)
36.15         	(2.179407e+01 4.819122e-03 6.397772e-22)	(2.181295e+01 4.063096e-03 0.000000e+00)	(-1.887501e-02 7.560267e-04 6.397772e-22)
36.175        	(2.178932e+01 4.867363e-03 6.396753e-22)	(2.180819e+01 4.111082e-03 0.000000e+00)	(-1.886796e-02 7.562820e-04 6.396753e-22)
36.2          	(2.178463e+01 4.802512e-03 6.395675e-22)	(2.180349e+01 4.046164e-03 0.000000e+00)	(-1.886055e-02 7.563476e-04 6.395675e-22)
36.225        	(2.177987e+01 4.861175e-03 6.394655e-22)	(2.179873e+01 4.104558e-03 0.000000e+00)	(-1.885294e-02 7.566168e-04 6.394655e-22)
36.25         	(2.177524e+01 4.846277e-03 6.393600e-22)	(2.179409e+01 4.089326e-03 0.000000e+00)	(-1.884502e-02 7.569504e-04 6.393600e-22)
36.275        	(2.177051e+01 4.897996e-03 6.392534e-22)	(2.178934e+01 4.140591e-03 0.000000e+00)	(-1.883676e-02 7.574048e-04 6.392534e-22)
36.3          	(2.176601e+01 4.820756e-03 6.391515e-22)	(2.178484e+01 4.063148e-03 0.000000e+00)	(-1.882810e-02 7.576085e-04 6.391515e-22)
36.325        	(2.176143e+01 4.883663e-03 6.390522e-22)	(2.178025e+01 4.125654e-03 0.000000e+00)	(-1.881901e-02 7.580088e-04 6.390522e-22)
36.35         	(2.175687e+01 4.926251e-03 6.389425e-22)	(2.177568e+01 4.167601e-03 0.000000e+00)	(-1.880956e-02 7.586501e-04 6.389425e-22)
36.375        	(2.175223e+01 4.930077e-03 6.388331e-22)	(2.177103e+01 4.170779e-03 0.000000e+00)	(-1.879996e-02 7.592983e-04 6.388331e-22)
36.4          	(2.174792e+01 4.848554e-03 6.387365e-22)	(2.176671e+01 4.088980e-03 0.000000e+00)	(-1.878989e-02 7.595738e-04 6.387365e-22)
36.425        	(2.174342e+01 4.877947e-03 6.386327e-22)	(2.176220e+01 4.118120e-03 0.000000e+00)	(-1.877949e-02 7.598277e-04 6.386327e-22)
36.45         	(2.173899e+01 4.858933e-03 6.385338e-22)	(2.175776e+01 4.098881e-03 0.000000e+00)	(-1.876870e-02 7.600520e-04 6.385338e-22)
36.475        	(2.173454e+01 4.880756e-03 6.384281e-22)	(2.175330e+01 4.120388e-03 0.000000e+00)	(-1.875757e-02 7.603676e-04 6.384281e-22)
36.5          	(2.173008e+01 4.868440e-03 6.383183e-22)	(2.174883e+01 4.107768e-03 0.000000e+00)	(-1.874625e-02 7.606717e-04 6.383183e-22)
36.525        	(2.172575e+01 4.856810e-03 6.382164e-22)	(2.174448e+01 4.095938e-03 0.000000e+00)	(-1.873461e-02 7.608723e-04 6.382164e-22)
36.55         	(2.172137e+01 4.863627e-03 6.381127e-22)	(2.174009e+01 4.102532e-03 0.000000e+00)	(-1.872265e-02 7.610945e-04 6.381127e-22)
36.575        	(2.171699e+01 4.853630e-03 6.380054e-22)	(2.173570e+01 4.092329e-03 0.000000e+00)	(-1.871034e-02 7.613011e-04 6.380054e-22)
36.6          	(2.171271e+01 4.878177e-03 6.379056e-22)	(2.173141e+01 4.116558e-03 0.000000e+00)	(-1.869771e-02 7.616193e-04 6.379056e-22)
36.625        	(2.170839e+01 4.858712e-03 6.378027e-22)	(2.172707e+01 4.096831e-03 0.000000e+00)	(-1.868479e-02 7.618817e-04 6.378027e-22)
36.65         	(2.170416e+01 4.905517e-03 6.377000e-22)	(2.172283e+01 4.143176e-03 0.000000e+00)	(-1.867152e-02 7.623411e-04 6.377000e-22)
36.675        	(2.169984e+01 4.932467e-03 6.375947e-22)	(2.171849e+01 4.169459e-03 0.000000e+00)	(-1.865808e-02 7.630077e-04 6.375947e-22)
36.7          	(2.169561e+01 4.912375e-03 6.374894e-22)	(2.171425e+01 4.148839e-03 0.000000e+00)	(-1.864436e-02 7.635351e-04 6.374894e-22)
36.725        	(2.169146e+01 4.866952e-03 6.373902e-22)	(2.171009e+01 4.103232e-03 0.000000e+00)	(-1.863023e-02 7.637198e-04 6.373902e-22)
36.75         	(2.168726e+01 4.890730e-03 6.372858e-22)	(2.170588e+01 4.126791e-03 0.000000e+00)	(-1.861582e-02 7.639398e-04 6.372858e-22)
36.775        	(2.168306e+01 4.855480e-03 6.371810e-22)	(2.170166e+01 4.091420e-03 0.000000e+00)	(-1.860123e-02 7.640606e-04 6.371810e-22)
36.8          	(2.167886e+01 4.898316e-03 6.370773e-22)	(2.169745e+01 4.133957e-03 0.000000e+00)	(-1.858643e-02 7.643590e-04 6.370773e-22)
36.825        	(2.167468e+01 4.867977e-03 6.369726e-22)	(2.169325e+01 4.103365e-03 0.000000e+00)	(-1.857144e-02 7.646122e-04 6.369726e-22)
36.85         	(2.167057e+01 4.896403e-03 6.368707e-22)	(2.168913e+01 4.131463e-03 0.000000e+00)	(-1.855612e-02 7.649403e-04 6.368707e-22)
36.875        	(2.166646e+01 4.888620e-03 6.367609e-22)	(2.168500e+01 4.123344e-03 0.000000e+00)	(-1.854054e-02 7.652759e-04 6.367609e-22)
36.9          	(2.166246e+01 4.892213e-03 6.366622e-22)	(2.168098e+01 4.126625e-03 0.000000e+00)	(-1.852469e-02 7.655878e-04 6.366622e-22)
36.925        	(2.165837e+01 4.911007e-03 6.365563e-22)	(2.167688e+01 4.145014e-03 0.000000e+00)	(-1.850858e-02 7.659928e-04 6.365563e-22)
36.95         	(2.165439e+01 4.905346e-03 6.364533e-22)	(2.167288e+01 4.138974e-03 0.000000e+00)	(-1.849215e-02 7.663720e-04 6.364533e-22)
36.975        	(2.165036e+01 4.891980e-03 6.363492e-22)	(2.166884e+01 4.125323e-03 0.000000e+00)	(-1.847550e-02 7.666574e-04 6.363492e-22)
37            	(2.164638e+01 4.884933e-03 6.362462e-22)	(2.166484e+01 4.118069e-03 0.000000e+00)	(-1.845865e-02 7.668641e-04 6.362462e-22)
37.025        	(2.164253e+01 4.891062e-03 6.361436e-22)	(2.166098e+01 4.123962e-03 0.000000e+00)	(-1.844131e-02 7.670993e-04 6.361436e-22)
37.05         	(2.163860e+01 4.923661e-03 6.360406e-22)	(2.165703e+01 4.156133e-03 0.000000e+00)	(-1.842364e-02 7.675278e-04 6.360406e-22)
37.075        	(2.163463e+01 4.913707e-03 6.359358e-22)	(2.165304e+01 4.145750e-03 0.000000e+00)	(-1.840591e-02 7.679570e-04 6.359358e-22)
37.1          	(2.163067e+01 4.934654e-03 6.358364e-22)	(2.164906e+01 4.166222e-03 0.000000e+00)	(-1.838817e-02 7.684320e-04 6.358364e-22)
37.125        	(2.162685e+01 4.904295e-03 6.357327e-22)	(2.164522e+01 4.135541e-03 0.000000e+00)	(-1.837004e-02 7.687539e-04 6.357327e-22)
37.15         	(2.162289e+01 4.920500e-03 6.356308e-22)	(2.164125e+01 4.151427e-03 0.000000e+00)	(-1.835176e-02 7.690733e-04 6.356308e-22)
37.175        	(2.161913e+01 4.912646e-03 6.355268e-22)	(2.163746e+01 4.143268e-03 0.000000e+00)	(-1.833323e-02 7.693785e-04 6.355268e-22)
37.2          	(2.161521e+01 4.929013e-03 6.354236e-22)	(2.163352e+01 4.159249e-03 0.000000e+00)	(-1.831452e-02 7.697640e-04 6.354236e-22)
37.225        	(2.161142e+01 4.904047e-03 6.353186e-22)	(2.162972e+01 4.134014e-03 0.000000e+00)	(-1.829566e-02 7.700334e-04 6.353186e-22)
37.25         	(2.160762e+01 4.916144e-03 6.352180e-22)	(2.162590e+01 4.145848e-03 0.000000e+00)	(-1.827657e-02 7.702955e-04 6.352180e-22)
37.275        	(2.160378e+01 4.876224e-03 6.351135e-22)	(2.162204e+01 4.105838e-03 0.000000e+00)	(-1.825731e-02 7.703868e-04 6.351135e-22)
37.3          	(2.160012e+01 4.938929e-03 6.350116e-22)	(2.161835e+01 4.168164e-03 0.000000e+00)	(-1.823771e-02 7.707655e-04 6.350116e-22)
37.325        	(2.159636e+01 4.928490e-03 6.349082e-22)	(2.161458e+01 4.157285e-03 0.000000e+00)	(-1.821795e-02 7.712050e-04 6.349082e-22)
37.35         	(2.159261e+01 4.964730e-03 6.348037e-22)	(2.161081e+01 4.192971e-03 0.000000e+00)	(-1.819808e-02 7.717590e-04 6.348037e-22)
37.375        	(2.158891e+01 4.905056e-03 6.346954e-22)	(2.160709e+01 4.133011e-03 0.000000e+00)	(-1.817800e-02 7.720450e-04 6.346954e-22)
37.4          	(2.158536e+01 4.925168e-03 6.345938e-22)	(2.160351e+01 4.152889e-03 0.000000e+00)	(-1.815758e-02 7.722791e-04 6.345938e-22)
37.425        	(2.158173e+01 4.932693e-03 6.344957e-22)	(2.159987e+01 4.160097e-03 0.000000e+00)	(-1.813693e-02 7.725967e-04 6.344957e-22)
37.45         	(2.157791e+01 4.936060e-03 6.343923e-22)	(2.159602e+01 4.163109e-03 0.000000e+00)	(-1.811639e-02 7.729512e-04 6.343923e-22)
37.475        	(2.157429e+01 4.971860e-03 6.342861e-22)	(2.159239e+01 4.198370e-03 0.000000e+00)	(-1.809574e-02 7.734894e-04 6.342861e-22)
37.5          	(2.157063e+01 4.930710e-03 6.341830e-22)	(2.158870e+01 4.156872e-03 0.000000e+00)	(-1.807499e-02 7.738377e-04 6.341830e-22)
37.525        	(2.156706e+01 4.966487e-03 6.340793e-22)	(2.158511e+01 4.192238e-03 0.000000e+00)	(-1.805399e-02 7.742494e-04 6.340793e-22)
37.55         	(2.156339e+01 4.954776e-03 6.339743e-22)	(2.158142e+01 4.180119e-03 0.000000e+00)	(-1.803290e-02 7.746574e-04 6.339743e-22)
37.575        	(2.155969e+01 4.985935e-03 6.338677e-22)	(2.157770e+01 4.210854e-03 0.000000e+00)	(-1.801161e-02 7.750804e-04 6.338677e-22)
37.6          	(2.155637e+01 4.957497e-03 6.337634e-22)	(2.157436e+01 4.182137e-03 0.000000e+00)	(-1.798989e-02 7.753603e-04 6.337634e-22)
37.625        	(2.155279e+01 4.970675e-03 6.336654e-22)	(2.157076e+01 4.194997e-03 0.000000e+00)	(-1.796808e-02 7.756778e-04 6.336654e-22)
37.65         	(2.154931e+01 4.975845e-03 6.335605e-22)	(2.156726e+01 4.199772e-03 0.000000e+00)	(-1.794612e-02 7.760736e-04 6.335605e-22)
37.675        	(2.154597e+01 4.944013e-03 6.334627e-22)	(2.156390e+01 4.167659e-03 0.000000e+00)	(-1.792405e-02 7.763538e-04 6.334627e-22)
37.7          	(2.154248e+01 4.950404e-03 6.333589e-22)	(2.156039e+01 4.173746e-03 0.000000e+00)	(-1.790178e-02 7.766582e-04 6.333589e-22)
37.725        	(2.153908e+01 4.971418e-03 6.332577e-22)	(2.155696e+01 4.194375e-03 0.000000e+00)	(-1.787933e-02 7.770425e-04 6.332577e-22)
37.75         	(2.153560e+01 4.926073e-03 6.331525e-22)	(2.155346e+01 4.148838e-03 0.000000e+00)	(-1.785680e-02 7.772350e-04 6.331525e-22)
37.775        	(2.153222e+01 4.960812e-03 6.330519e-22)	(2.155006e+01 4.183276e-03 0.000000e+00)	(-1.783419e-02 7.775359e-04 6.330519e-22)
37.8          	(2.152878e+01 4.933668e-03 6.329462e-22)	(2.154660e+01 4.155905e-03 0.000000e+00)	(-1.781150e-02 7.777632e-04 6.329462e-22)
37.825        	(2.152540e+01 4.937049e-03 6.328443e-22)	(2.154318e+01 4.159120e-03 0.000000e+00)	(-1.778867e-02 7.779296e-04 6.328443e-22)
37.85         	(2.152197e+01 4.933947e-03 6.327406e-22)	(2.153974e+01 4.155832e-03 0.000000e+00)	(-1.776574e-02 7.781148e-04 6.327406e-22)
37.875        	(2.151865e+01 4.952781e-03 6.326380e-22)	(2.153639e+01 4.174375e-03 0.000000e+00)	(-1.774262e-02 7.784056e-04 6.326380e-22)
37.9          	(2.151526e+01 4.984527e-03 6.325291e-22)	(2.153298e+01 4.205610e-03 0.000000e+00)	(-1.771944e-02 7.789168e-04 6.325291e-22)
37.925        	(2.151193e+01 4.975824e-03 6.324317e-22)	(2.152963e+01 4.196433e-03 0.000000e+00)	(-1.769623e-02 7.793909e-04 6.324317e-22)
37.95         	(2.150863e+01 5.032799e-03 6.323268e-22)	(2.152631e+01 4.252714e-03 0.000000e+00)	(-1.767286e-02 7.800847e-04 6.323268e-22)
37.975        	(2.150538e+01 4.935793e-03 6.322279e-22)	(2.152303e+01 4.155476e-03 0.000000e+00)	(-1.764929e-02 7.803170e-04 6.322279e-22)
38            	(2.150203e+01 5.017332e-03 6.321242e-22)	(2.151966e+01 4.236588e-03 0.000000e+00)	(-1.762571e-02 7.807441e-04 6.321242e-22)
38.025        	(2.149879e+01 4.946090e-03 6.320222e-22)	(2.151640e+01 4.165148e-03 0.000000e+00)	(-1.760207e-02 7.809424e-04 6.320222e-22)
38.05         	(2.149546e+01 4.982463e-03 6.319177e-22)	(2.151304e+01 4.201257e-03 0.000000e+00)	(-1.757825e-02 7.812060e-04 6.319177e-22)
38.075        	(2.149224e+01 4.954005e-03 6.318156e-22)	(2.150980e+01 4.172562e-03 0.000000e+00)	(-1.755444e-02 7.814434e-04 6.318156e-22)
38.1          	(2.148888e+01 4.983136e-03 6.317094e-22)	(2.150641e+01 4.201392e-03 0.000000e+00)	(-1.753082e-02 7.817436e-04 6.317094e-22)
38.125        	(2.148565e+01 4.982516e-03 6.316021e-22)	(2.150316e+01 4.200426e-03 0.000000e+00)	(-1.750709e-02 7.820897e-04 6.316021e-22)
38.15         	(2.148242e+01 4.975458e-03 6.314992e-22)	(2.149991e+01 4.193067e-03 0.000000e+00)	(-1.748320e-02 7.823907e-04 6.314992e-22)
38.175        	(2.147915e+01 4.973187e-03 6.313857e-22)	(2.149661e+01 4.190502e-03 0.000000e+00)	(-1.745932e-02 7.826849e-04 6.313857e-22)
38.2          	(2.147593e+01 5.035569e-03 6.312928e-22)	(2.149337e+01 4.252361e-03 0.000000e+00)	(-1.743530e-02 7.832073e-04 6.312928e-22)
38.225        	(2.147286e+01 4.979871e-03 6.311837e-22)	(2.149027e+01 4.196374e-03 0.000000e+00)	(-1.741096e-02 7.834970e-04 6.311837e-22)
