# Moment      
# CofR        : (0.000000e+00 0.000000e+00 0.000000e+00)
#
# Time        	(total_x total_y total_z)	(pressure_x pressure_y pressure_z)	(viscous_x viscous_y viscous_z)
21.025        	(-1.862305e-03 1.298343e+01 -1.311579e-02)	(-1.624181e-03 1.298709e+01 -1.351684e-02)	(-2.381237e-04 -3.667024e-03 4.010480e-04)
21.05         	(-2.062005e-03 1.298248e+01 -1.307950e-02)	(-1.823273e-03 1.298611e+01 -1.347611e-02)	(-2.387317e-04 -3.630344e-03 3.966029e-04)
21.075        	(-1.825766e-03 1.298128e+01 -1.330481e-02)	(-1.587165e-03 1.298487e+01 -1.369769e-02)	(-2.386014e-04 -3.593679e-03 3.928778e-04)
21.1          	(-2.081182e-03 1.298009e+01 -1.317263e-02)	(-1.841794e-03 1.298365e+01 -1.356142e-02)	(-2.393879e-04 -3.558799e-03 3.887913e-04)
21.125        	(-1.770168e-03 1.297909e+01 -1.265604e-02)	(-1.531020e-03 1.298262e+01 -1.304251e-02)	(-2.391473e-04 -3.525817e-03 3.864623e-04)
21.15         	(-2.089443e-03 1.297832e+01 -1.318312e-02)	(-1.849525e-03 1.298181e+01 -1.356644e-02)	(-2.399179e-04 -3.493884e-03 3.833183e-04)
21.175        	(-1.804469e-03 1.297713e+01 -1.288992e-02)	(-1.564593e-03 1.298059e+01 -1.327068e-02)	(-2.398763e-04 -3.463157e-03 3.807632e-04)
21.2          	(-2.014800e-03 1.297609e+01 -1.300858e-02)	(-1.774511e-03 1.297953e+01 -1.338680e-02)	(-2.402895e-04 -3.433605e-03 3.782159e-04)
21.225        	(-1.855171e-03 1.297484e+01 -1.318041e-02)	(-1.614842e-03 1.297825e+01 -1.355548e-02)	(-2.403290e-04 -3.405517e-03 3.750693e-04)
21.25         	(-1.981175e-03 1.297346e+01 -1.314489e-02)	(-1.740489e-03 1.297684e+01 -1.351664e-02)	(-2.406856e-04 -3.378772e-03 3.717510e-04)
21.275        	(-1.916030e-03 1.297246e+01 -1.306228e-02)	(-1.675025e-03 1.297581e+01 -1.343124e-02)	(-2.410057e-04 -3.352579e-03 3.689598e-04)
21.3          	(-1.942426e-03 1.297109e+01 -1.308733e-02)	(-1.701124e-03 1.297442e+01 -1.345271e-02)	(-2.413023e-04 -3.327938e-03 3.653837e-04)
21.325        	(-1.906395e-03 1.296939e+01 -1.314604e-02)	(-1.664878e-03 1.297269e+01 -1.350785e-02)	(-2.415174e-04 -3.305142e-03 3.618100e-04)
21.35         	(-1.945615e-03 1.296763e+01 -1.321318e-02)	(-1.703752e-03 1.297092e+01 -1.357257e-02)	(-2.418630e-04 -3.283775e-03 3.593963e-04)
21.375        	(-1.917210e-03 1.296607e+01 -1.331074e-02)	(-1.675115e-03 1.296933e+01 -1.366744e-02)	(-2.420957e-04 -3.263536e-03 3.566973e-04)
21.4          	(-1.939887e-03 1.296427e+01 -1.335223e-02)	(-1.697522e-03 1.296751e+01 -1.370570e-02)	(-2.423643e-04 -3.244666e-03 3.534732e-04)
21.425        	(-1.894467e-03 1.296258e+01 -1.312383e-02)	(-1.651997e-03 1.296581e+01 -1.347403e-02)	(-2.424702e-04 -3.227319e-03 3.502040e-04)
21.45         	(-1.927227e-03 1.296053e+01 -1.304549e-02)	(-1.684522e-03 1.296374e+01 -1.339319e-02)	(-2.427044e-04 -3.211346e-03 3.477053e-04)
21.475        	(-1.953485e-03 1.295873e+01 -1.340961e-02)	(-1.710311e-03 1.296192e+01 -1.375408e-02)	(-2.431740e-04 -3.196396e-03 3.444693e-04)
21.5          	(-1.952210e-03 1.295686e+01 -1.334615e-02)	(-1.708558e-03 1.296004e+01 -1.368727e-02)	(-2.436517e-04 -3.182752e-03 3.411132e-04)
21.525        	(-1.916204e-03 1.295488e+01 -1.317085e-02)	(-1.672324e-03 1.295805e+01 -1.350951e-02)	(-2.438801e-04 -3.170195e-03 3.386530e-04)
21.55         	(-1.971137e-03 1.295287e+01 -1.327785e-02)	(-1.726836e-03 1.295603e+01 -1.361383e-02)	(-2.443006e-04 -3.158873e-03 3.359786e-04)
21.575        	(-1.918868e-03 1.295061e+01 -1.339741e-02)	(-1.674309e-03 1.295376e+01 -1.373034e-02)	(-2.445587e-04 -3.148880e-03 3.329257e-04)
21.6          	(-1.887625e-03 1.294833e+01 -1.304714e-02)	(-1.643085e-03 1.295147e+01 -1.337817e-02)	(-2.445397e-04 -3.140412e-03 3.310279e-04)
21.625        	(-1.956072e-03 1.294626e+01 -1.351497e-02)	(-1.711244e-03 1.294939e+01 -1.384297e-02)	(-2.448281e-04 -3.132930e-03 3.280026e-04)
21.65         	(-1.898052e-03 1.294361e+01 -1.321440e-02)	(-1.653031e-03 1.294674e+01 -1.353998e-02)	(-2.450211e-04 -3.126974e-03 3.255736e-04)
21.675        	(-1.902134e-03 1.294136e+01 -1.304858e-02)	(-1.657036e-03 1.294448e+01 -1.337262e-02)	(-2.450985e-04 -3.122174e-03 3.240400e-04)
21.7          	(-1.945661e-03 1.293879e+01 -1.352967e-02)	(-1.700214e-03 1.294191e+01 -1.385088e-02)	(-2.454464e-04 -3.118564e-03 3.212115e-04)
21.725        	(-1.915870e-03 1.293606e+01 -1.334121e-02)	(-1.670141e-03 1.293917e+01 -1.365975e-02)	(-2.457283e-04 -3.116581e-03 3.185423e-04)
21.75         	(-1.932500e-03 1.293346e+01 -1.340619e-02)	(-1.686487e-03 1.293657e+01 -1.372239e-02)	(-2.460136e-04 -3.115867e-03 3.161981e-04)
21.775        	(-1.902014e-03 1.293072e+01 -1.343249e-02)	(-1.655827e-03 1.293384e+01 -1.374631e-02)	(-2.461875e-04 -3.116261e-03 3.138199e-04)
21.8          	(-1.942381e-03 1.292807e+01 -1.327048e-02)	(-1.695874e-03 1.293119e+01 -1.358249e-02)	(-2.465073e-04 -3.117755e-03 3.120076e-04)
21.825        	(-1.897324e-03 1.292519e+01 -1.339840e-02)	(-1.650662e-03 1.292831e+01 -1.370842e-02)	(-2.466618e-04 -3.120465e-03 3.100239e-04)
21.85         	(-1.936785e-03 1.292231e+01 -1.332527e-02)	(-1.689837e-03 1.292544e+01 -1.363335e-02)	(-2.469478e-04 -3.124340e-03 3.080841e-04)
21.875        	(-1.919386e-03 1.291924e+01 -1.358876e-02)	(-1.672128e-03 1.292237e+01 -1.389454e-02)	(-2.472582e-04 -3.129594e-03 3.057756e-04)
21.9          	(-1.938996e-03 1.291629e+01 -1.336289e-02)	(-1.691439e-03 1.291943e+01 -1.366635e-02)	(-2.475564e-04 -3.136242e-03 3.034645e-04)
21.925        	(-1.911291e-03 1.291313e+01 -1.342535e-02)	(-1.663548e-03 1.291627e+01 -1.372696e-02)	(-2.477429e-04 -3.144108e-03 3.016084e-04)
21.95         	(-1.891152e-03 1.291011e+01 -1.323557e-02)	(-1.643389e-03 1.291327e+01 -1.353571e-02)	(-2.477633e-04 -3.153079e-03 3.001381e-04)
21.975        	(-1.978760e-03 1.290683e+01 -1.363655e-02)	(-1.730501e-03 1.291000e+01 -1.393472e-02)	(-2.482585e-04 -3.162981e-03 2.981686e-04)
22            	(-1.888378e-03 1.290372e+01 -1.329045e-02)	(-1.639914e-03 1.290689e+01 -1.358714e-02)	(-2.484637e-04 -3.174076e-03 2.966907e-04)
22.025        	(-1.969511e-03 1.290050e+01 -1.354272e-02)	(-1.720698e-03 1.290369e+01 -1.383726e-02)	(-2.488130e-04 -3.186211e-03 2.945428e-04)
22.05         	(-1.908041e-03 1.289734e+01 -1.317534e-02)	(-1.659056e-03 1.290054e+01 -1.346836e-02)	(-2.489850e-04 -3.199465e-03 2.930208e-04)
22.075        	(-1.964993e-03 1.289426e+01 -1.322005e-02)	(-1.715685e-03 1.289748e+01 -1.351188e-02)	(-2.493082e-04 -3.213412e-03 2.918264e-04)
22.1          	(-1.917978e-03 1.289021e+01 -1.370649e-02)	(-1.668413e-03 1.289344e+01 -1.399659e-02)	(-2.495651e-04 -3.229066e-03 2.900924e-04)
22.125        	(-1.944873e-03 1.288687e+01 -1.349119e-02)	(-1.695017e-03 1.289012e+01 -1.377938e-02)	(-2.498554e-04 -3.245990e-03 2.881901e-04)
22.15         	(-1.971086e-03 1.288339e+01 -1.365525e-02)	(-1.720788e-03 1.288665e+01 -1.394134e-02)	(-2.502975e-04 -3.263841e-03 2.860823e-04)
22.175        	(-1.880827e-03 1.287977e+01 -1.328972e-02)	(-1.630540e-03 1.288305e+01 -1.357489e-02)	(-2.502862e-04 -3.282775e-03 2.851729e-04)
22.2          	(-1.972907e-03 1.287621e+01 -1.348932e-02)	(-1.722333e-03 1.287951e+01 -1.377354e-02)	(-2.505747e-04 -3.302659e-03 2.842145e-04)
22.225        	(-1.882158e-03 1.287240e+01 -1.326294e-02)	(-1.631546e-03 1.287572e+01 -1.354656e-02)	(-2.506127e-04 -3.323683e-03 2.836180e-04)
22.25         	(-1.973968e-03 1.286885e+01 -1.332296e-02)	(-1.723032e-03 1.287220e+01 -1.360591e-02)	(-2.509369e-04 -3.345411e-03 2.829493e-04)
22.275        	(-1.917640e-03 1.286469e+01 -1.358701e-02)	(-1.666509e-03 1.286806e+01 -1.386851e-02)	(-2.511313e-04 -3.368594e-03 2.814997e-04)
22.3          	(-1.937267e-03 1.286096e+01 -1.324477e-02)	(-1.685956e-03 1.286435e+01 -1.352521e-02)	(-2.513103e-04 -3.392917e-03 2.804457e-04)
22.325        	(-1.912232e-03 1.285705e+01 -1.337711e-02)	(-1.660813e-03 1.286046e+01 -1.365680e-02)	(-2.514188e-04 -3.418183e-03 2.796946e-04)
22.35         	(-1.962663e-03 1.285297e+01 -1.324283e-02)	(-1.710927e-03 1.285642e+01 -1.352210e-02)	(-2.517359e-04 -3.444557e-03 2.792721e-04)
22.375        	(-1.905012e-03 1.284883e+01 -1.338404e-02)	(-1.653167e-03 1.285230e+01 -1.366259e-02)	(-2.518455e-04 -3.472206e-03 2.785532e-04)
22.4          	(-1.965764e-03 1.284470e+01 -1.338443e-02)	(-1.713636e-03 1.284820e+01 -1.366211e-02)	(-2.521276e-04 -3.500876e-03 2.776875e-04)
22.425        	(-1.906145e-03 1.284063e+01 -1.326848e-02)	(-1.653916e-03 1.284416e+01 -1.354569e-02)	(-2.522288e-04 -3.530321e-03 2.772060e-04)
22.45         	(-1.947423e-03 1.283652e+01 -1.330043e-02)	(-1.695000e-03 1.284008e+01 -1.357718e-02)	(-2.524227e-04 -3.560566e-03 2.767550e-04)
22.475        	(-1.863517e-03 1.283208e+01 -1.313247e-02)	(-1.611236e-03 1.283568e+01 -1.340932e-02)	(-2.522804e-04 -3.592034e-03 2.768503e-04)
22.5          	(-2.059006e-03 1.282795e+01 -1.353349e-02)	(-1.806011e-03 1.283158e+01 -1.380917e-02)	(-2.529949e-04 -3.624157e-03 2.756734e-04)
22.525        	(-1.859378e-03 1.282368e+01 -1.315217e-02)	(-1.606337e-03 1.282734e+01 -1.342738e-02)	(-2.530417e-04 -3.657127e-03 2.752126e-04)
22.55         	(-2.028879e-03 1.281949e+01 -1.330645e-02)	(-1.775399e-03 1.282319e+01 -1.358144e-02)	(-2.534798e-04 -3.690989e-03 2.749949e-04)
22.575        	(-1.886312e-03 1.281528e+01 -1.327827e-02)	(-1.632773e-03 1.281901e+01 -1.355299e-02)	(-2.535394e-04 -3.725408e-03 2.747266e-04)
22.6          	(-2.062822e-03 1.281055e+01 -1.349733e-02)	(-1.808722e-03 1.281431e+01 -1.377098e-02)	(-2.541004e-04 -3.761182e-03 2.736593e-04)
22.625        	(-1.841040e-03 1.280626e+01 -1.304925e-02)	(-1.587083e-03 1.281006e+01 -1.332313e-02)	(-2.539565e-04 -3.797786e-03 2.738747e-04)
22.65         	(-2.068359e-03 1.280180e+01 -1.331627e-02)	(-1.813834e-03 1.280563e+01 -1.359014e-02)	(-2.545245e-04 -3.835074e-03 2.738643e-04)
22.675        	(-1.817424e-03 1.279726e+01 -1.288541e-02)	(-1.563158e-03 1.280113e+01 -1.316024e-02)	(-2.542665e-04 -3.873243e-03 2.748276e-04)
22.7          	(-2.031162e-03 1.279271e+01 -1.321998e-02)	(-1.776592e-03 1.279662e+01 -1.349504e-02)	(-2.545697e-04 -3.912206e-03 2.750640e-04)
22.725        	(-1.892623e-03 1.278791e+01 -1.319706e-02)	(-1.637984e-03 1.279186e+01 -1.347187e-02)	(-2.546387e-04 -3.952204e-03 2.748069e-04)
22.75         	(-1.995809e-03 1.278354e+01 -1.302684e-02)	(-1.740867e-03 1.278753e+01 -1.330186e-02)	(-2.549414e-04 -3.992646e-03 2.750170e-04)
22.775        	(-1.920288e-03 1.277847e+01 -1.316475e-02)	(-1.665240e-03 1.278251e+01 -1.344003e-02)	(-2.550484e-04 -4.034353e-03 2.752857e-04)
22.8          	(-1.977152e-03 1.277388e+01 -1.306482e-02)	(-1.721863e-03 1.277796e+01 -1.334032e-02)	(-2.552895e-04 -4.076817e-03 2.754958e-04)
22.825        	(-1.927906e-03 1.276895e+01 -1.301224e-02)	(-1.672512e-03 1.277307e+01 -1.328825e-02)	(-2.553939e-04 -4.120104e-03 2.760120e-04)
22.85         	(-1.988868e-03 1.276429e+01 -1.298410e-02)	(-1.733177e-03 1.276846e+01 -1.326063e-02)	(-2.556915e-04 -4.163815e-03 2.765318e-04)
22.875        	(-1.931256e-03 1.275923e+01 -1.309878e-02)	(-1.675532e-03 1.276343e+01 -1.337557e-02)	(-2.557241e-04 -4.208499e-03 2.767910e-04)
22.9          	(-2.004841e-03 1.275440e+01 -1.310312e-02)	(-1.748832e-03 1.275866e+01 -1.337999e-02)	(-2.560085e-04 -4.253917e-03 2.768713e-04)
22.925        	(-1.962947e-03 1.274938e+01 -1.318951e-02)	(-1.706730e-03 1.275368e+01 -1.346638e-02)	(-2.562167e-04 -4.300086e-03 2.768642e-04)
22.95         	(-2.012548e-03 1.274446e+01 -1.297144e-02)	(-1.755973e-03 1.274881e+01 -1.324892e-02)	(-2.565755e-04 -4.346956e-03 2.774744e-04)
22.975        	(-1.951542e-03 1.273940e+01 -1.300024e-02)	(-1.694851e-03 1.274379e+01 -1.327849e-02)	(-2.566917e-04 -4.394492e-03 2.782458e-04)
23            	(-1.983249e-03 1.273435e+01 -1.296600e-02)	(-1.726398e-03 1.273879e+01 -1.324501e-02)	(-2.568518e-04 -4.442659e-03 2.790058e-04)
23.025        	(-1.908062e-03 1.272916e+01 -1.275933e-02)	(-1.651383e-03 1.273366e+01 -1.303984e-02)	(-2.566789e-04 -4.491702e-03 2.805055e-04)
23.05         	(-2.055633e-03 1.272428e+01 -1.306493e-02)	(-1.798463e-03 1.272882e+01 -1.334598e-02)	(-2.571701e-04 -4.540948e-03 2.810535e-04)
23.075        	(-1.903336e-03 1.271921e+01 -1.283383e-02)	(-1.646165e-03 1.272380e+01 -1.311556e-02)	(-2.571712e-04 -4.590680e-03 2.817312e-04)
23.1          	(-2.029845e-03 1.271417e+01 -1.286107e-02)	(-1.772298e-03 1.271881e+01 -1.314370e-02)	(-2.575464e-04 -4.640916e-03 2.826302e-04)
23.125        	(-1.901081e-03 1.270923e+01 -1.266470e-02)	(-1.643561e-03 1.271392e+01 -1.294876e-02)	(-2.575200e-04 -4.691421e-03 2.840658e-04)
23.15         	(-2.024118e-03 1.270429e+01 -1.284048e-02)	(-1.766312e-03 1.270904e+01 -1.312555e-02)	(-2.578055e-04 -4.742240e-03 2.850710e-04)
23.175        	(-1.940211e-03 1.269891e+01 -1.279329e-02)	(-1.682372e-03 1.270370e+01 -1.307928e-02)	(-2.578390e-04 -4.794040e-03 2.859949e-04)
23.2          	(-2.032184e-03 1.269373e+01 -1.287111e-02)	(-1.773958e-03 1.269857e+01 -1.315772e-02)	(-2.582256e-04 -4.846459e-03 2.866127e-04)
23.225        	(-1.915965e-03 1.268845e+01 -1.258928e-02)	(-1.657760e-03 1.269335e+01 -1.287732e-02)	(-2.582056e-04 -4.899440e-03 2.880484e-04)
23.25         	(-2.015827e-03 1.268329e+01 -1.275681e-02)	(-1.757403e-03 1.268824e+01 -1.304616e-02)	(-2.584238e-04 -4.952779e-03 2.893550e-04)
23.275        	(-1.933488e-03 1.267792e+01 -1.262987e-02)	(-1.675048e-03 1.268293e+01 -1.292058e-02)	(-2.584396e-04 -5.006654e-03 2.907104e-04)
23.3          	(-2.022584e-03 1.267267e+01 -1.267916e-02)	(-1.763853e-03 1.267773e+01 -1.297096e-02)	(-2.587315e-04 -5.060949e-03 2.917946e-04)
23.325        	(-1.956481e-03 1.266729e+01 -1.264331e-02)	(-1.697697e-03 1.267241e+01 -1.293627e-02)	(-2.587844e-04 -5.115779e-03 2.929641e-04)
23.35         	(-2.082245e-03 1.266202e+01 -1.288516e-02)	(-1.822919e-03 1.266719e+01 -1.317860e-02)	(-2.593262e-04 -5.170932e-03 2.934345e-04)
23.375        	(-1.933155e-03 1.265656e+01 -1.258032e-02)	(-1.673846e-03 1.266178e+01 -1.287501e-02)	(-2.593091e-04 -5.226631e-03 2.946968e-04)
23.4          	(-2.075931e-03 1.265123e+01 -1.265885e-02)	(-1.816217e-03 1.265651e+01 -1.295494e-02)	(-2.597144e-04 -5.282692e-03 2.960817e-04)
23.425        	(-1.919470e-03 1.264578e+01 -1.256935e-02)	(-1.659890e-03 1.265112e+01 -1.286696e-02)	(-2.595803e-04 -5.339201e-03 2.976099e-04)
23.45         	(-2.068646e-03 1.264035e+01 -1.260263e-02)	(-1.808731e-03 1.264575e+01 -1.290157e-02)	(-2.599152e-04 -5.396079e-03 2.989471e-04)
23.475        	(-1.941787e-03 1.263508e+01 -1.248530e-02)	(-1.681887e-03 1.264053e+01 -1.278585e-02)	(-2.599002e-04 -5.453040e-03 3.005499e-04)
23.5          	(-2.063373e-03 1.262940e+01 -1.262487e-02)	(-1.803157e-03 1.263491e+01 -1.292665e-02)	(-2.602156e-04 -5.510639e-03 3.017804e-04)
23.525        	(-1.939974e-03 1.262404e+01 -1.241746e-02)	(-1.679789e-03 1.262961e+01 -1.272098e-02)	(-2.601855e-04 -5.568520e-03 3.035222e-04)
23.55         	(-2.049858e-03 1.261867e+01 -1.238370e-02)	(-1.789411e-03 1.262430e+01 -1.268919e-02)	(-2.604469e-04 -5.626445e-03 3.054861e-04)
23.575        	(-1.972413e-03 1.261294e+01 -1.262295e-02)	(-1.711882e-03 1.261863e+01 -1.292950e-02)	(-2.605308e-04 -5.684988e-03 3.065494e-04)
23.6          	(-2.039767e-03 1.260773e+01 -1.237890e-02)	(-1.778959e-03 1.261348e+01 -1.268702e-02)	(-2.608088e-04 -5.743360e-03 3.081199e-04)
23.625        	(-1.995257e-03 1.260223e+01 -1.253694e-02)	(-1.734304e-03 1.260803e+01 -1.284652e-02)	(-2.609530e-04 -5.802013e-03 3.095791e-04)
23.65         	(-2.015793e-03 1.259685e+01 -1.237721e-02)	(-1.754690e-03 1.260271e+01 -1.268844e-02)	(-2.611033e-04 -5.860887e-03 3.112255e-04)
23.675        	(-2.079122e-03 1.259126e+01 -1.274374e-02)	(-1.817514e-03 1.259718e+01 -1.305571e-02)	(-2.616086e-04 -5.920185e-03 3.119763e-04)
23.7          	(-1.940817e-03 1.258588e+01 -1.211773e-02)	(-1.679282e-03 1.259186e+01 -1.243179e-02)	(-2.615355e-04 -5.979566e-03 3.140655e-04)
23.725        	(-2.103406e-03 1.258036e+01 -1.250051e-02)	(-1.841473e-03 1.258640e+01 -1.281643e-02)	(-2.619336e-04 -6.038970e-03 3.159137e-04)
23.75         	(-1.929568e-03 1.257467e+01 -1.219358e-02)	(-1.667825e-03 1.258077e+01 -1.251151e-02)	(-2.617435e-04 -6.098871e-03 3.179311e-04)
23.775        	(-2.157235e-03 1.256931e+01 -1.265591e-02)	(-1.894881e-03 1.257547e+01 -1.297461e-02)	(-2.623548e-04 -6.158728e-03 3.187000e-04)
23.8          	(-1.909611e-03 1.256386e+01 -1.206573e-02)	(-1.647460e-03 1.257007e+01 -1.238651e-02)	(-2.621512e-04 -6.218495e-03 3.207814e-04)
23.825        	(-2.110417e-03 1.255834e+01 -1.250172e-02)	(-1.847879e-03 1.256462e+01 -1.282412e-02)	(-2.625382e-04 -6.278262e-03 3.223926e-04)
23.85         	(-1.932653e-03 1.255270e+01 -1.206347e-02)	(-1.670249e-03 1.255904e+01 -1.238820e-02)	(-2.624042e-04 -6.338336e-03 3.247305e-04)
23.875        	(-2.106417e-03 1.254723e+01 -1.245682e-02)	(-1.843623e-03 1.255363e+01 -1.278314e-02)	(-2.627939e-04 -6.398555e-03 3.263165e-04)
23.9          	(-1.951923e-03 1.254147e+01 -1.207722e-02)	(-1.689198e-03 1.254793e+01 -1.240553e-02)	(-2.627254e-04 -6.459201e-03 3.283087e-04)
23.925        	(-2.097672e-03 1.253599e+01 -1.245843e-02)	(-1.834629e-03 1.254251e+01 -1.278807e-02)	(-2.630434e-04 -6.519671e-03 3.296426e-04)
23.95         	(-1.979879e-03 1.253029e+01 -1.201259e-02)	(-1.716837e-03 1.253687e+01 -1.234435e-02)	(-2.630418e-04 -6.580400e-03 3.317621e-04)
23.975        	(-2.124503e-03 1.252492e+01 -1.233475e-02)	(-1.860975e-03 1.253156e+01 -1.266818e-02)	(-2.635273e-04 -6.640846e-03 3.334248e-04)
24            	(-1.969773e-03 1.251918e+01 -1.213371e-02)	(-1.706279e-03 1.252588e+01 -1.246890e-02)	(-2.634941e-04 -6.701387e-03 3.351866e-04)
24.025        	(-2.130481e-03 1.251371e+01 -1.229729e-02)	(-1.866542e-03 1.252047e+01 -1.263403e-02)	(-2.639385e-04 -6.761788e-03 3.367392e-04)
24.05         	(-1.968714e-03 1.250833e+01 -1.197864e-02)	(-1.704823e-03 1.251515e+01 -1.231768e-02)	(-2.638904e-04 -6.821877e-03 3.390425e-04)
24.075        	(-2.070406e-03 1.250246e+01 -1.211090e-02)	(-1.806421e-03 1.250934e+01 -1.245225e-02)	(-2.639849e-04 -6.882255e-03 3.413519e-04)
24.1          	(-2.052770e-03 1.249714e+01 -1.227775e-02)	(-1.788471e-03 1.250408e+01 -1.262074e-02)	(-2.642990e-04 -6.942330e-03 3.429862e-04)
24.125        	(-2.098914e-03 1.249175e+01 -1.223308e-02)	(-1.834202e-03 1.249875e+01 -1.257734e-02)	(-2.647126e-04 -7.002165e-03 3.442572e-04)
24.15         	(-2.011930e-03 1.248621e+01 -1.196698e-02)	(-1.747223e-03 1.249327e+01 -1.231339e-02)	(-2.647076e-04 -7.062025e-03 3.464154e-04)
24.175        	(-2.141278e-03 1.248088e+01 -1.239966e-02)	(-1.876105e-03 1.248800e+01 -1.274734e-02)	(-2.651731e-04 -7.121678e-03 3.476778e-04)
24.2          	(-1.951887e-03 1.247535e+01 -1.172981e-02)	(-1.686965e-03 1.248253e+01 -1.208014e-02)	(-2.649222e-04 -7.181239e-03 3.503311e-04)
24.225        	(-2.166258e-03 1.246992e+01 -1.238434e-02)	(-1.900754e-03 1.247716e+01 -1.273628e-02)	(-2.655034e-04 -7.240601e-03 3.519428e-04)
24.25         	(-1.979790e-03 1.246439e+01 -1.198188e-02)	(-1.714301e-03 1.247169e+01 -1.233554e-02)	(-2.654890e-04 -7.299956e-03 3.536631e-04)
24.275        	(-2.154140e-03 1.245897e+01 -1.218234e-02)	(-1.888168e-03 1.246633e+01 -1.253773e-02)	(-2.659716e-04 -7.359039e-03 3.553817e-04)
24.3          	(-1.976238e-03 1.245346e+01 -1.195513e-02)	(-1.710342e-03 1.246087e+01 -1.231281e-02)	(-2.658965e-04 -7.417961e-03 3.576810e-04)
24.325        	(-2.167829e-03 1.244813e+01 -1.208838e-02)	(-1.901427e-03 1.245561e+01 -1.244797e-02)	(-2.664016e-04 -7.476501e-03 3.595848e-04)
24.35         	(-1.982840e-03 1.244265e+01 -1.194481e-02)	(-1.716507e-03 1.245019e+01 -1.230646e-02)	(-2.663325e-04 -7.534765e-03 3.616531e-04)
24.375        	(-2.159763e-03 1.243705e+01 -1.217549e-02)	(-1.893045e-03 1.244464e+01 -1.253855e-02)	(-2.667184e-04 -7.593130e-03 3.630593e-04)
24.4          	(-2.020417e-03 1.243167e+01 -1.218965e-02)	(-1.753663e-03 1.243932e+01 -1.255390e-02)	(-2.667538e-04 -7.651202e-03 3.642422e-04)
24.425        	(-2.152303e-03 1.242625e+01 -1.202033e-02)	(-1.885135e-03 1.243396e+01 -1.238638e-02)	(-2.671686e-04 -7.708867e-03 3.660508e-04)
24.45         	(-2.016003e-03 1.242087e+01 -1.217243e-02)	(-1.748870e-03 1.242863e+01 -1.254023e-02)	(-2.671321e-04 -7.766119e-03 3.677957e-04)
24.475        	(-2.155537e-03 1.241540e+01 -1.208626e-02)	(-1.887979e-03 1.242323e+01 -1.245576e-02)	(-2.675579e-04 -7.823202e-03 3.694943e-04)
24.5          	(-2.017531e-03 1.241010e+01 -1.190331e-02)	(-1.749956e-03 1.241798e+01 -1.227527e-02)	(-2.675746e-04 -7.879823e-03 3.719622e-04)
24.525        	(-2.108906e-03 1.240437e+01 -1.190452e-02)	(-1.841214e-03 1.241230e+01 -1.227900e-02)	(-2.676921e-04 -7.936456e-03 3.744741e-04)
24.55         	(-2.067824e-03 1.239944e+01 -1.203669e-02)	(-1.799987e-03 1.240744e+01 -1.241307e-02)	(-2.678376e-04 -7.992102e-03 3.763802e-04)
24.575        	(-2.115062e-03 1.239422e+01 -1.188725e-02)	(-1.846920e-03 1.240227e+01 -1.226553e-02)	(-2.681419e-04 -8.047181e-03 3.782738e-04)
24.6          	(-2.123685e-03 1.238885e+01 -1.228864e-02)	(-1.855135e-03 1.239695e+01 -1.266778e-02)	(-2.685503e-04 -8.102246e-03 3.791410e-04)
24.625        	(-2.029742e-03 1.238361e+01 -1.155732e-02)	(-1.761261e-03 1.239177e+01 -1.193943e-02)	(-2.684807e-04 -8.156864e-03 3.821089e-04)
24.65         	(-2.240454e-03 1.237842e+01 -1.262636e-02)	(-1.971144e-03 1.238663e+01 -1.300889e-02)	(-2.693100e-04 -8.210919e-03 3.825315e-04)
24.675        	(-1.955318e-03 1.237328e+01 -1.140946e-02)	(-1.686268e-03 1.238154e+01 -1.179482e-02)	(-2.690504e-04 -8.264416e-03 3.853558e-04)
24.7          	(-2.238848e-03 1.236812e+01 -1.235903e-02)	(-1.969240e-03 1.237644e+01 -1.274605e-02)	(-2.696085e-04 -8.317336e-03 3.870136e-04)
24.725        	(-1.977492e-03 1.236286e+01 -1.186044e-02)	(-1.708058e-03 1.237123e+01 -1.224917e-02)	(-2.694342e-04 -8.369728e-03 3.887291e-04)
24.75         	(-2.229529e-03 1.235757e+01 -1.214151e-02)	(-1.959522e-03 1.236599e+01 -1.253167e-02)	(-2.700078e-04 -8.421738e-03 3.901651e-04)
24.775        	(-1.990014e-03 1.235237e+01 -1.188238e-02)	(-1.720135e-03 1.236085e+01 -1.227499e-02)	(-2.698794e-04 -8.473234e-03 3.926149e-04)
24.8          	(-2.260014e-03 1.234725e+01 -1.226779e-02)	(-1.989402e-03 1.235577e+01 -1.266198e-02)	(-2.706121e-04 -8.524059e-03 3.941897e-04)
24.825        	(-1.987527e-03 1.234205e+01 -1.189213e-02)	(-1.717049e-03 1.235063e+01 -1.228804e-02)	(-2.704783e-04 -8.574299e-03 3.959063e-04)
24.85         	(-2.256926e-03 1.233700e+01 -1.218153e-02)	(-1.985773e-03 1.234562e+01 -1.257624e-02)	(-2.711535e-04 -8.624794e-03 3.947059e-04)
24.875        	(-1.996919e-03 1.233183e+01 -1.188232e-02)	(-1.725899e-03 1.234051e+01 -1.227768e-02)	(-2.710201e-04 -8.675415e-03 3.953619e-04)
24.9          	(-2.241243e-03 1.232701e+01 -1.204065e-02)	(-1.969677e-03 1.233573e+01 -1.243762e-02)	(-2.715663e-04 -8.725284e-03 3.969664e-04)
24.925        	(-1.976227e-03 1.232142e+01 -1.190311e-02)	(-1.704949e-03 1.233019e+01 -1.230194e-02)	(-2.712775e-04 -8.775285e-03 3.988236e-04)
24.95         	(-2.278727e-03 1.231686e+01 -1.237627e-02)	(-2.006708e-03 1.232568e+01 -1.277558e-02)	(-2.720192e-04 -8.824213e-03 3.993134e-04)
24.975        	(-1.995780e-03 1.231148e+01 -1.180131e-02)	(-1.723882e-03 1.232035e+01 -1.220223e-02)	(-2.718986e-04 -8.873034e-03 4.009137e-04)
25            	(-2.239743e-03 1.230674e+01 -1.217153e-02)	(-1.967350e-03 1.231566e+01 -1.257381e-02)	(-2.723926e-04 -8.921234e-03 4.022779e-04)
25.025        	(-2.038974e-03 1.230169e+01 -1.195233e-02)	(-1.766567e-03 1.231066e+01 -1.235614e-02)	(-2.724075e-04 -8.968842e-03 4.038119e-04)
25.05         	(-2.289007e-03 1.229692e+01 -1.243123e-02)	(-2.015746e-03 1.230594e+01 -1.283537e-02)	(-2.732610e-04 -9.015792e-03 4.041379e-04)
25.075        	(-1.985623e-03 1.229194e+01 -1.167366e-02)	(-1.712592e-03 1.230101e+01 -1.207995e-02)	(-2.730307e-04 -9.062144e-03 4.062950e-04)
25.1          	(-2.297113e-03 1.228733e+01 -1.241686e-02)	(-2.023364e-03 1.229644e+01 -1.282404e-02)	(-2.737489e-04 -9.107557e-03 4.071710e-04)
25.125        	(-1.983947e-03 1.228226e+01 -1.178656e-02)	(-1.710415e-03 1.229141e+01 -1.219497e-02)	(-2.735322e-04 -9.153065e-03 4.084061e-04)
25.15         	(-2.288966e-03 1.227758e+01 -1.218622e-02)	(-2.014804e-03 1.228678e+01 -1.259598e-02)	(-2.741615e-04 -9.197931e-03 4.097603e-04)
25.175        	(-2.015287e-03 1.227271e+01 -1.201729e-02)	(-1.741239e-03 1.228195e+01 -1.242835e-02)	(-2.740483e-04 -9.242024e-03 4.110565e-04)
25.2          	(-2.277070e-03 1.226799e+01 -1.227318e-02)	(-2.002371e-03 1.227728e+01 -1.268493e-02)	(-2.746990e-04 -9.285460e-03 4.117437e-04)
25.225        	(-2.043583e-03 1.226314e+01 -1.196257e-02)	(-1.768918e-03 1.227247e+01 -1.237476e-02)	(-2.746654e-04 -9.328697e-03 4.121921e-04)
25.25         	(-2.265419e-03 1.225848e+01 -1.218230e-02)	(-1.990148e-03 1.226785e+01 -1.259467e-02)	(-2.752710e-04 -9.372202e-03 4.123756e-04)
25.275        	(-2.047316e-03 1.225376e+01 -1.200180e-02)	(-1.772106e-03 1.226317e+01 -1.241567e-02)	(-2.752095e-04 -9.415191e-03 4.138756e-04)
25.3          	(-2.217604e-03 1.224899e+01 -1.215837e-02)	(-1.942040e-03 1.225845e+01 -1.257354e-02)	(-2.755637e-04 -9.457371e-03 4.151649e-04)
25.325        	(-2.115550e-03 1.224428e+01 -1.215122e-02)	(-1.839739e-03 1.225378e+01 -1.256727e-02)	(-2.758117e-04 -9.498768e-03 4.160501e-04)
25.35         	(-2.211266e-03 1.223983e+01 -1.220876e-02)	(-1.935003e-03 1.224937e+01 -1.262568e-02)	(-2.762630e-04 -9.539448e-03 4.169169e-04)
25.375        	(-2.146835e-03 1.223512e+01 -1.207926e-02)	(-1.870282e-03 1.224470e+01 -1.249753e-02)	(-2.765525e-04 -9.579782e-03 4.182680e-04)
25.4          	(-2.200175e-03 1.223068e+01 -1.239832e-02)	(-1.923230e-03 1.224030e+01 -1.281707e-02)	(-2.769447e-04 -9.619262e-03 4.187457e-04)
25.425        	(-2.150944e-03 1.222610e+01 -1.217147e-02)	(-1.873743e-03 1.223576e+01 -1.259095e-02)	(-2.772016e-04 -9.658268e-03 4.194817e-04)
25.45         	(-2.189115e-03 1.222159e+01 -1.220866e-02)	(-1.911599e-03 1.223129e+01 -1.262931e-02)	(-2.775160e-04 -9.696273e-03 4.206500e-04)
25.475        	(-2.178538e-03 1.221728e+01 -1.238297e-02)	(-1.900672e-03 1.222702e+01 -1.280424e-02)	(-2.778655e-04 -9.733167e-03 4.212773e-04)
25.5          	(-2.177161e-03 1.221280e+01 -1.201539e-02)	(-1.898997e-03 1.222257e+01 -1.243811e-02)	(-2.781645e-04 -9.769443e-03 4.227173e-04)
25.525        	(-2.159961e-03 1.220834e+01 -1.236225e-02)	(-1.881599e-03 1.221815e+01 -1.278587e-02)	(-2.783615e-04 -9.805259e-03 4.236189e-04)
25.55         	(-2.175481e-03 1.220377e+01 -1.218972e-02)	(-1.896883e-03 1.221361e+01 -1.261428e-02)	(-2.785983e-04 -9.840818e-03 4.245540e-04)
25.575        	(-2.221642e-03 1.219951e+01 -1.245685e-02)	(-1.942547e-03 1.220939e+01 -1.288188e-02)	(-2.790952e-04 -9.875559e-03 4.250274e-04)
25.6          	(-2.138908e-03 1.219512e+01 -1.223443e-02)	(-1.859673e-03 1.220503e+01 -1.266034e-02)	(-2.792348e-04 -9.909458e-03 4.259083e-04)
25.625        	(-2.224051e-03 1.219083e+01 -1.233929e-02)	(-1.944409e-03 1.220077e+01 -1.276611e-02)	(-2.796420e-04 -9.942533e-03 4.268231e-04)
25.65         	(-2.142998e-03 1.218651e+01 -1.220159e-02)	(-1.863183e-03 1.219648e+01 -1.262950e-02)	(-2.798149e-04 -9.974794e-03 4.279065e-04)
25.675        	(-2.210303e-03 1.218212e+01 -1.239963e-02)	(-1.930146e-03 1.219212e+01 -1.282810e-02)	(-2.801571e-04 -1.000652e-02 4.284604e-04)
25.7          	(-2.158994e-03 1.217790e+01 -1.248056e-02)	(-1.878602e-03 1.218794e+01 -1.290920e-02)	(-2.803923e-04 -1.003753e-02 4.286424e-04)
25.725        	(-2.256017e-03 1.217382e+01 -1.241942e-02)	(-1.974989e-03 1.218389e+01 -1.284854e-02)	(-2.810273e-04 -1.006746e-02 4.291132e-04)
25.75         	(-2.102098e-03 1.216964e+01 -1.222911e-02)	(-1.821101e-03 1.217974e+01 -1.265955e-02)	(-2.809967e-04 -1.009672e-02 4.304473e-04)
25.775        	(-2.306159e-03 1.216564e+01 -1.262395e-02)	(-2.024468e-03 1.217576e+01 -1.305463e-02)	(-2.816910e-04 -1.012536e-02 4.306867e-04)
25.8          	(-2.067727e-03 1.216141e+01 -1.220521e-02)	(-1.786148e-03 1.217156e+01 -1.263698e-02)	(-2.815787e-04 -1.015334e-02 4.317711e-04)
25.825        	(-2.300933e-03 1.215743e+01 -1.263632e-02)	(-2.018773e-03 1.216761e+01 -1.306846e-02)	(-2.821604e-04 -1.018061e-02 4.321415e-04)
25.85         	(-2.110270e-03 1.215328e+01 -1.239088e-02)	(-1.827989e-03 1.216349e+01 -1.282355e-02)	(-2.822814e-04 -1.020720e-02 4.326736e-04)
25.875        	(-2.299651e-03 1.214955e+01 -1.266811e-02)	(-2.016698e-03 1.215978e+01 -1.310083e-02)	(-2.829523e-04 -1.023233e-02 4.327236e-04)
25.9          	(-2.108639e-03 1.214523e+01 -1.236878e-02)	(-1.825652e-03 1.215549e+01 -1.280243e-02)	(-2.829873e-04 -1.025719e-02 4.336580e-04)
25.925        	(-2.299610e-03 1.214134e+01 -1.261664e-02)	(-2.016035e-03 1.215162e+01 -1.305073e-02)	(-2.835746e-04 -1.028168e-02 4.340938e-04)
25.95         	(-2.161692e-03 1.213731e+01 -1.270306e-02)	(-1.877861e-03 1.214762e+01 -1.313709e-02)	(-2.838318e-04 -1.030587e-02 4.340312e-04)
25.975        	(-2.275001e-03 1.213347e+01 -1.255725e-02)	(-1.990549e-03 1.214380e+01 -1.299156e-02)	(-2.844514e-04 -1.032861e-02 4.343132e-04)
26            	(-2.159763e-03 1.212945e+01 -1.261189e-02)	(-1.875140e-03 1.213980e+01 -1.304677e-02)	(-2.846229e-04 -1.035119e-02 4.348745e-04)
26.025        	(-2.282173e-03 1.212566e+01 -1.274309e-02)	(-1.997022e-03 1.213603e+01 -1.317804e-02)	(-2.851516e-04 -1.037292e-02 4.349580e-04)
26.05         	(-2.146888e-03 1.212166e+01 -1.261793e-02)	(-1.861636e-03 1.213205e+01 -1.305327e-02)	(-2.852522e-04 -1.039384e-02 4.353434e-04)
26.075        	(-2.284316e-03 1.211783e+01 -1.270588e-02)	(-1.998507e-03 1.212824e+01 -1.314151e-02)	(-2.858090e-04 -1.041348e-02 4.356338e-04)
26.1          	(-2.169770e-03 1.211421e+01 -1.263673e-02)	(-1.883716e-03 1.212464e+01 -1.307293e-02)	(-2.860546e-04 -1.043227e-02 4.361964e-04)
26.125        	(-2.277154e-03 1.211051e+01 -1.272925e-02)	(-1.990586e-03 1.212096e+01 -1.316585e-02)	(-2.865683e-04 -1.045053e-02 4.366054e-04)
26.15         	(-2.196410e-03 1.210700e+01 -1.288816e-02)	(-1.909536e-03 1.211747e+01 -1.332465e-02)	(-2.868738e-04 -1.046787e-02 4.364865e-04)
26.175        	(-2.252640e-03 1.210313e+01 -1.259956e-02)	(-1.965368e-03 1.211361e+01 -1.303661e-02)	(-2.872718e-04 -1.048487e-02 4.370466e-04)
26.2          	(-2.220874e-03 1.209940e+01 -1.299588e-02)	(-1.933266e-03 1.210990e+01 -1.343282e-02)	(-2.876074e-04 -1.050173e-02 4.369369e-04)
26.225        	(-2.256282e-03 1.209578e+01 -1.280706e-02)	(-1.968234e-03 1.210629e+01 -1.324386e-02)	(-2.880476e-04 -1.051749e-02 4.367963e-04)
26.25         	(-2.243752e-03 1.209220e+01 -1.292475e-02)	(-1.955244e-03 1.210273e+01 -1.336150e-02)	(-2.885076e-04 -1.053156e-02 4.367433e-04)
26.275        	(-2.192035e-03 1.208872e+01 -1.264706e-02)	(-1.903573e-03 1.209927e+01 -1.308461e-02)	(-2.884617e-04 -1.054523e-02 4.375438e-04)
26.3          	(-2.336184e-03 1.208516e+01 -1.322716e-02)	(-2.047104e-03 1.209572e+01 -1.366414e-02)	(-2.890801e-04 -1.055835e-02 4.369767e-04)
26.325        	(-2.145522e-03 1.208145e+01 -1.289589e-02)	(-1.856323e-03 1.209202e+01 -1.333315e-02)	(-2.891985e-04 -1.057063e-02 4.372654e-04)
26.35         	(-2.321852e-03 1.207802e+01 -1.292424e-02)	(-2.031976e-03 1.208861e+01 -1.336198e-02)	(-2.898762e-04 -1.058241e-02 4.377379e-04)
26.375        	(-2.144295e-03 1.207447e+01 -1.291219e-02)	(-1.854339e-03 1.208506e+01 -1.335032e-02)	(-2.899564e-04 -1.059359e-02 4.381290e-04)
26.4          	(-2.331044e-03 1.207097e+01 -1.306953e-02)	(-2.040436e-03 1.208158e+01 -1.350751e-02)	(-2.906073e-04 -1.060398e-02 4.379830e-04)
26.425        	(-2.125275e-03 1.206737e+01 -1.285510e-02)	(-1.834733e-03 1.207798e+01 -1.329347e-02)	(-2.905417e-04 -1.061420e-02 4.383688e-04)
26.45         	(-2.386189e-03 1.206414e+01 -1.316433e-02)	(-2.094901e-03 1.207477e+01 -1.360181e-02)	(-2.912875e-04 -1.062308e-02 4.374849e-04)
26.475        	(-2.140298e-03 1.206070e+01 -1.306617e-02)	(-1.848858e-03 1.207133e+01 -1.350359e-02)	(-2.914403e-04 -1.063106e-02 4.374184e-04)
26.5          	(-2.342379e-03 1.205745e+01 -1.312009e-02)	(-2.050241e-03 1.206809e+01 -1.355755e-02)	(-2.921375e-04 -1.063858e-02 4.374622e-04)
26.525        	(-2.154611e-03 1.205417e+01 -1.302051e-02)	(-1.862364e-03 1.206481e+01 -1.345842e-02)	(-2.922469e-04 -1.064544e-02 4.379033e-04)
26.55         	(-2.366680e-03 1.205105e+01 -1.312471e-02)	(-2.073821e-03 1.206170e+01 -1.356252e-02)	(-2.928592e-04 -1.065175e-02 4.378111e-04)
26.575        	(-2.155548e-03 1.204768e+01 -1.317736e-02)	(-1.862589e-03 1.205833e+01 -1.361525e-02)	(-2.929585e-04 -1.065703e-02 4.378820e-04)
26.6          	(-2.369352e-03 1.204454e+01 -1.321961e-02)	(-2.075746e-03 1.205520e+01 -1.365719e-02)	(-2.936062e-04 -1.066192e-02 4.375779e-04)
26.625        	(-2.235776e-03 1.204138e+01 -1.350188e-02)	(-1.941822e-03 1.205204e+01 -1.393816e-02)	(-2.939536e-04 -1.066593e-02 4.362833e-04)
26.65         	(-2.274439e-03 1.203808e+01 -1.307841e-02)	(-1.980225e-03 1.204875e+01 -1.351477e-02)	(-2.942141e-04 -1.066952e-02 4.363636e-04)
26.675        	(-2.283377e-03 1.203493e+01 -1.359211e-02)	(-1.988738e-03 1.204560e+01 -1.402799e-02)	(-2.946385e-04 -1.067257e-02 4.358756e-04)
26.7          	(-2.263328e-03 1.203162e+01 -1.327570e-02)	(-1.968363e-03 1.204230e+01 -1.371153e-02)	(-2.949655e-04 -1.067527e-02 4.358271e-04)
26.725        	(-2.261303e-03 1.202843e+01 -1.342446e-02)	(-1.965955e-03 1.203911e+01 -1.386054e-02)	(-2.953482e-04 -1.067769e-02 4.360743e-04)
26.75         	(-2.273907e-03 1.202518e+01 -1.340340e-02)	(-1.978078e-03 1.203586e+01 -1.383931e-02)	(-2.958293e-04 -1.067923e-02 4.359099e-04)
26.775        	(-2.253747e-03 1.202214e+01 -1.332805e-02)	(-1.957537e-03 1.203282e+01 -1.376397e-02)	(-2.962104e-04 -1.067966e-02 4.359190e-04)
26.8          	(-2.267401e-03 1.201890e+01 -1.326511e-02)	(-1.970931e-03 1.202958e+01 -1.370131e-02)	(-2.964697e-04 -1.067906e-02 4.361973e-04)
26.825        	(-2.275883e-03 1.201617e+01 -1.356589e-02)	(-1.979101e-03 1.202685e+01 -1.400172e-02)	(-2.967816e-04 -1.067744e-02 4.358337e-04)
26.85         	(-2.276896e-03 1.201305e+01 -1.353008e-02)	(-1.979741e-03 1.202373e+01 -1.396555e-02)	(-2.971550e-04 -1.067562e-02 4.354712e-04)
26.875        	(-2.322549e-03 1.201016e+01 -1.361381e-02)	(-2.024784e-03 1.202083e+01 -1.404888e-02)	(-2.977648e-04 -1.067325e-02 4.350731e-04)
26.9          	(-2.252905e-03 1.200717e+01 -1.346951e-02)	(-1.954850e-03 1.201784e+01 -1.390474e-02)	(-2.980550e-04 -1.067023e-02 4.352292e-04)
26.925        	(-2.339518e-03 1.200407e+01 -1.374395e-02)	(-2.040779e-03 1.201474e+01 -1.417873e-02)	(-2.987382e-04 -1.066716e-02 4.347772e-04)
26.95         	(-2.246897e-03 1.200136e+01 -1.334394e-02)	(-1.947876e-03 1.201203e+01 -1.377883e-02)	(-2.990206e-04 -1.066238e-02 4.348912e-04)
26.975        	(-2.373545e-03 1.199831e+01 -1.408000e-02)	(-2.073845e-03 1.200897e+01 -1.451343e-02)	(-2.996999e-04 -1.065716e-02 4.334331e-04)
27            	(-2.174013e-03 1.199536e+01 -1.318562e-02)	(-1.874422e-03 1.200601e+01 -1.362004e-02)	(-2.995910e-04 -1.065177e-02 4.344273e-04)
27.025        	(-2.398987e-03 1.199251e+01 -1.381228e-02)	(-2.098719e-03 1.200316e+01 -1.424673e-02)	(-3.002676e-04 -1.064590e-02 4.344430e-04)
27.05         	(-2.225013e-03 1.198968e+01 -1.365042e-02)	(-1.924486e-03 1.200032e+01 -1.408436e-02)	(-3.005275e-04 -1.063924e-02 4.339407e-04)
27.075        	(-2.335428e-03 1.198662e+01 -1.367730e-02)	(-2.034379e-03 1.199725e+01 -1.411102e-02)	(-3.010492e-04 -1.063272e-02 4.337174e-04)
27.1          	(-2.236012e-03 1.198373e+01 -1.366822e-02)	(-1.934656e-03 1.199435e+01 -1.410188e-02)	(-3.013555e-04 -1.062552e-02 4.336596e-04)
27.125        	(-2.330239e-03 1.198090e+01 -1.366873e-02)	(-2.028345e-03 1.199152e+01 -1.410216e-02)	(-3.018946e-04 -1.061740e-02 4.334273e-04)
27.15         	(-2.223000e-03 1.197801e+01 -1.366555e-02)	(-1.920925e-03 1.198862e+01 -1.409897e-02)	(-3.020747e-04 -1.060876e-02 4.334138e-04)
27.175        	(-2.329362e-03 1.197514e+01 -1.360580e-02)	(-2.026891e-03 1.198574e+01 -1.403934e-02)	(-3.024708e-04 -1.059929e-02 4.335408e-04)
27.2          	(-2.334586e-03 1.197254e+01 -1.405536e-02)	(-2.031475e-03 1.198313e+01 -1.448766e-02)	(-3.031108e-04 -1.058910e-02 4.323013e-04)
27.225        	(-2.281084e-03 1.196983e+01 -1.373032e-02)	(-1.977648e-03 1.198041e+01 -1.416241e-02)	(-3.034363e-04 -1.057854e-02 4.320907e-04)
27.25         	(-2.352647e-03 1.196723e+01 -1.392230e-02)	(-2.048645e-03 1.197780e+01 -1.435430e-02)	(-3.040018e-04 -1.056740e-02 4.319957e-04)
27.275        	(-2.271719e-03 1.196453e+01 -1.389663e-02)	(-1.967448e-03 1.197508e+01 -1.432835e-02)	(-3.042713e-04 -1.055576e-02 4.317214e-04)
27.3          	(-2.339362e-03 1.196195e+01 -1.387244e-02)	(-2.034625e-03 1.197249e+01 -1.430397e-02)	(-3.047373e-04 -1.054351e-02 4.315286e-04)
27.325        	(-2.281049e-03 1.195923e+01 -1.385662e-02)	(-1.976019e-03 1.196977e+01 -1.428816e-02)	(-3.050304e-04 -1.053093e-02 4.315414e-04)
27.35         	(-2.320129e-03 1.195656e+01 -1.393101e-02)	(-2.014720e-03 1.196708e+01 -1.436235e-02)	(-3.054081e-04 -1.051784e-02 4.313462e-04)
27.375        	(-2.265421e-03 1.195384e+01 -1.386222e-02)	(-1.959702e-03 1.196435e+01 -1.429363e-02)	(-3.057192e-04 -1.050485e-02 4.314026e-04)
27.4          	(-2.303064e-03 1.195108e+01 -1.401244e-02)	(-1.996937e-03 1.196157e+01 -1.444330e-02)	(-3.061278e-04 -1.049142e-02 4.308643e-04)
27.425        	(-2.308084e-03 1.194840e+01 -1.395275e-02)	(-2.001459e-03 1.195888e+01 -1.438276e-02)	(-3.066248e-04 -1.047739e-02 4.300111e-04)
27.45         	(-2.269425e-03 1.194574e+01 -1.390825e-02)	(-1.962509e-03 1.195621e+01 -1.433805e-02)	(-3.069163e-04 -1.046288e-02 4.297984e-04)
27.475        	(-2.340315e-03 1.194316e+01 -1.395267e-02)	(-2.032828e-03 1.195361e+01 -1.438246e-02)	(-3.074872e-04 -1.044789e-02 4.297899e-04)
27.5          	(-2.241072e-03 1.194069e+01 -1.398006e-02)	(-1.933405e-03 1.195112e+01 -1.440972e-02)	(-3.076669e-04 -1.043230e-02 4.296608e-04)
27.525        	(-2.362334e-03 1.193791e+01 -1.392539e-02)	(-2.054069e-03 1.194833e+01 -1.435494e-02)	(-3.082648e-04 -1.041657e-02 4.295551e-04)
27.55         	(-2.205314e-03 1.193517e+01 -1.385508e-02)	(-1.897153e-03 1.194557e+01 -1.428485e-02)	(-3.081604e-04 -1.040028e-02 4.297659e-04)
27.575        	(-2.397631e-03 1.193282e+01 -1.419489e-02)	(-2.088880e-03 1.194320e+01 -1.462416e-02)	(-3.087506e-04 -1.038330e-02 4.292696e-04)
27.6          	(-2.286717e-03 1.193044e+01 -1.418327e-02)	(-1.977524e-03 1.194081e+01 -1.461180e-02)	(-3.091929e-04 -1.036596e-02 4.285355e-04)
27.625        	(-2.346998e-03 1.192779e+01 -1.411701e-02)	(-2.037342e-03 1.193814e+01 -1.454537e-02)	(-3.096565e-04 -1.034855e-02 4.283514e-04)
27.65         	(-2.321113e-03 1.192538e+01 -1.415168e-02)	(-2.011007e-03 1.193571e+01 -1.457987e-02)	(-3.101063e-04 -1.033064e-02 4.281844e-04)
27.675        	(-2.344481e-03 1.192286e+01 -1.424812e-02)	(-2.033905e-03 1.193318e+01 -1.467589e-02)	(-3.105761e-04 -1.031237e-02 4.277680e-04)
27.7          	(-2.306475e-03 1.192046e+01 -1.409875e-02)	(-1.995583e-03 1.193076e+01 -1.452655e-02)	(-3.108917e-04 -1.029362e-02 4.278012e-04)
27.725        	(-2.313945e-03 1.191792e+01 -1.421774e-02)	(-2.002654e-03 1.192820e+01 -1.464542e-02)	(-3.112905e-04 -1.027494e-02 4.276849e-04)
27.75         	(-2.302515e-03 1.191539e+01 -1.407813e-02)	(-1.990970e-03 1.192565e+01 -1.450592e-02)	(-3.115442e-04 -1.025556e-02 4.277892e-04)
27.775        	(-2.331934e-03 1.191286e+01 -1.430782e-02)	(-2.019917e-03 1.192310e+01 -1.473515e-02)	(-3.120174e-04 -1.023621e-02 4.273329e-04)
27.8          	(-2.305743e-03 1.191034e+01 -1.416656e-02)	(-1.993296e-03 1.192056e+01 -1.459350e-02)	(-3.124468e-04 -1.021668e-02 4.269433e-04)
27.825        	(-2.319027e-03 1.190791e+01 -1.410125e-02)	(-2.006169e-03 1.191811e+01 -1.452832e-02)	(-3.128578e-04 -1.019653e-02 4.270748e-04)
27.85         	(-2.305595e-03 1.190547e+01 -1.436684e-02)	(-1.992388e-03 1.191565e+01 -1.479339e-02)	(-3.132071e-04 -1.017614e-02 4.265577e-04)
27.875        	(-2.330400e-03 1.190291e+01 -1.416884e-02)	(-2.016746e-03 1.191307e+01 -1.459515e-02)	(-3.136541e-04 -1.015562e-02 4.263197e-04)
27.9          	(-2.287141e-03 1.190044e+01 -1.417165e-02)	(-1.973220e-03 1.191058e+01 -1.459832e-02)	(-3.139213e-04 -1.013476e-02 4.266682e-04)
27.925        	(-2.327214e-03 1.189778e+01 -1.418287e-02)	(-2.012907e-03 1.190789e+01 -1.460974e-02)	(-3.143062e-04 -1.011391e-02 4.268700e-04)
27.95         	(-2.369601e-03 1.189573e+01 -1.433078e-02)	(-2.054731e-03 1.190582e+01 -1.475723e-02)	(-3.148703e-04 -1.009186e-02 4.264487e-04)
27.975        	(-2.305797e-03 1.189325e+01 -1.441048e-02)	(-1.990675e-03 1.190332e+01 -1.483641e-02)	(-3.151215e-04 -1.006976e-02 4.259282e-04)
28            	(-2.389273e-03 1.189108e+01 -1.443095e-02)	(-2.073594e-03 1.190112e+01 -1.485659e-02)	(-3.156792e-04 -1.004741e-02 4.256438e-04)
28.025        	(-2.272871e-03 1.188856e+01 -1.431699e-02)	(-1.956941e-03 1.189859e+01 -1.474275e-02)	(-3.159297e-04 -1.002534e-02 4.257635e-04)
28.05         	(-2.403088e-03 1.188629e+01 -1.444669e-02)	(-2.086572e-03 1.189629e+01 -1.487221e-02)	(-3.165162e-04 -1.000262e-02 4.255252e-04)
28.075        	(-2.308482e-03 1.188393e+01 -1.434825e-02)	(-1.991658e-03 1.189391e+01 -1.477368e-02)	(-3.168245e-04 -9.979576e-03 4.254258e-04)
28.1          	(-2.363526e-03 1.188152e+01 -1.443663e-02)	(-2.046337e-03 1.189147e+01 -1.486202e-02)	(-3.171887e-04 -9.956567e-03 4.253829e-04)
28.125        	(-2.280472e-03 1.187903e+01 -1.438269e-02)	(-1.963079e-03 1.188896e+01 -1.480825e-02)	(-3.173930e-04 -9.933840e-03 4.255560e-04)
28.15         	(-2.292640e-03 1.187667e+01 -1.427802e-02)	(-1.975116e-03 1.188658e+01 -1.470405e-02)	(-3.175243e-04 -9.910823e-03 4.260206e-04)
28.175        	(-2.401783e-03 1.187427e+01 -1.442689e-02)	(-2.083620e-03 1.188416e+01 -1.485284e-02)	(-3.181622e-04 -9.887126e-03 4.259445e-04)
28.2          	(-2.280306e-03 1.187176e+01 -1.456186e-02)	(-1.961869e-03 1.188162e+01 -1.498729e-02)	(-3.184363e-04 -9.863849e-03 4.254309e-04)
28.225        	(-2.359875e-03 1.186935e+01 -1.432781e-02)	(-2.040984e-03 1.187920e+01 -1.475341e-02)	(-3.188913e-04 -9.840543e-03 4.255917e-04)
28.25         	(-2.323648e-03 1.186704e+01 -1.443336e-02)	(-2.004342e-03 1.187686e+01 -1.485914e-02)	(-3.193062e-04 -9.816768e-03 4.257844e-04)
28.275        	(-2.318945e-03 1.186452e+01 -1.434687e-02)	(-1.999363e-03 1.187432e+01 -1.477298e-02)	(-3.195824e-04 -9.792937e-03 4.261118e-04)
28.3          	(-2.324122e-03 1.186202e+01 -1.430141e-02)	(-2.004234e-03 1.187179e+01 -1.472805e-02)	(-3.198884e-04 -9.769157e-03 4.266336e-04)
28.325        	(-2.370050e-03 1.185991e+01 -1.452711e-02)	(-2.049717e-03 1.186965e+01 -1.495354e-02)	(-3.203329e-04 -9.744498e-03 4.264306e-04)
28.35         	(-2.386739e-03 1.185774e+01 -1.459129e-02)	(-2.065825e-03 1.186746e+01 -1.501717e-02)	(-3.209138e-04 -9.719601e-03 4.258804e-04)
28.375        	(-2.294314e-03 1.185530e+01 -1.448642e-02)	(-1.973315e-03 1.186500e+01 -1.491249e-02)	(-3.209989e-04 -9.695004e-03 4.260727e-04)
28.4          	(-2.409790e-03 1.185300e+01 -1.483309e-02)	(-2.088145e-03 1.186268e+01 -1.525861e-02)	(-3.216446e-04 -9.670621e-03 4.255127e-04)
28.425        	(-2.298951e-03 1.185071e+01 -1.441102e-02)	(-1.976977e-03 1.186035e+01 -1.483666e-02)	(-3.219735e-04 -9.646012e-03 4.256393e-04)
28.45         	(-2.366874e-03 1.184852e+01 -1.429628e-02)	(-2.044632e-03 1.185814e+01 -1.472275e-02)	(-3.222426e-04 -9.620732e-03 4.264694e-04)
28.475        	(-2.335689e-03 1.184612e+01 -1.481186e-02)	(-2.013205e-03 1.185572e+01 -1.523764e-02)	(-3.224841e-04 -9.595609e-03 4.257854e-04)
28.5          	(-2.360923e-03 1.184364e+01 -1.458128e-02)	(-2.038098e-03 1.185321e+01 -1.500683e-02)	(-3.228252e-04 -9.570855e-03 4.255489e-04)
28.525        	(-2.302621e-03 1.184121e+01 -1.455798e-02)	(-1.979565e-03 1.185075e+01 -1.498396e-02)	(-3.230558e-04 -9.546456e-03 4.259782e-04)
28.55         	(-2.342746e-03 1.183877e+01 -1.444066e-02)	(-2.019349e-03 1.184829e+01 -1.486738e-02)	(-3.233972e-04 -9.522009e-03 4.267147e-04)
28.575        	(-2.288403e-03 1.183640e+01 -1.435955e-02)	(-1.964858e-03 1.184589e+01 -1.478701e-02)	(-3.235446e-04 -9.497358e-03 4.274633e-04)
28.6          	(-2.377180e-03 1.183400e+01 -1.469304e-02)	(-2.053149e-03 1.184348e+01 -1.511989e-02)	(-3.240304e-04 -9.472691e-03 4.268526e-04)
28.625        	(-2.303763e-03 1.183158e+01 -1.440455e-02)	(-1.979437e-03 1.184102e+01 -1.483131e-02)	(-3.243261e-04 -9.448062e-03 4.267610e-04)
28.65         	(-2.346051e-03 1.182925e+01 -1.452354e-02)	(-2.021401e-03 1.183867e+01 -1.495090e-02)	(-3.246502e-04 -9.423369e-03 4.273571e-04)
28.675        	(-2.314359e-03 1.182680e+01 -1.443560e-02)	(-1.989579e-03 1.183619e+01 -1.486382e-02)	(-3.247794e-04 -9.398495e-03 4.282281e-04)
28.7          	(-2.447382e-03 1.182458e+01 -1.489897e-02)	(-2.121859e-03 1.183395e+01 -1.532648e-02)	(-3.255229e-04 -9.373438e-03 4.275141e-04)
28.725        	(-2.274222e-03 1.182234e+01 -1.447858e-02)	(-1.948619e-03 1.183169e+01 -1.490646e-02)	(-3.256036e-04 -9.348275e-03 4.278853e-04)
28.75         	(-2.461863e-03 1.182019e+01 -1.472062e-02)	(-2.135582e-03 1.182951e+01 -1.514879e-02)	(-3.262807e-04 -9.322977e-03 4.281704e-04)
28.775        	(-2.194831e-03 1.181784e+01 -1.459252e-02)	(-1.868767e-03 1.182714e+01 -1.502121e-02)	(-3.260639e-04 -9.298002e-03 4.286902e-04)
28.8          	(-2.469462e-03 1.181524e+01 -1.463197e-02)	(-2.142684e-03 1.182451e+01 -1.506098e-02)	(-3.267774e-04 -9.273444e-03 4.290073e-04)
28.825        	(-2.269088e-03 1.181294e+01 -1.479135e-02)	(-1.942070e-03 1.182219e+01 -1.522018e-02)	(-3.270180e-04 -9.248771e-03 4.288230e-04)
28.85         	(-2.382326e-03 1.181039e+01 -1.442423e-02)	(-2.054951e-03 1.181961e+01 -1.485370e-02)	(-3.273751e-04 -9.224343e-03 4.294688e-04)
28.875        	(-2.303842e-03 1.180799e+01 -1.457387e-02)	(-1.976265e-03 1.181719e+01 -1.500416e-02)	(-3.275775e-04 -9.200044e-03 4.302928e-04)
28.9          	(-2.360947e-03 1.180559e+01 -1.457607e-02)	(-2.033061e-03 1.181477e+01 -1.500683e-02)	(-3.278858e-04 -9.175750e-03 4.307557e-04)
28.925        	(-2.315672e-03 1.180305e+01 -1.466475e-02)	(-1.987576e-03 1.181220e+01 -1.509581e-02)	(-3.280958e-04 -9.151666e-03 4.310637e-04)
28.95         	(-2.379640e-03 1.180064e+01 -1.456440e-02)	(-2.051097e-03 1.180976e+01 -1.499595e-02)	(-3.285428e-04 -9.127638e-03 4.315488e-04)
28.975        	(-2.319487e-03 1.179824e+01 -1.457060e-02)	(-1.990687e-03 1.180735e+01 -1.500273e-02)	(-3.287994e-04 -9.103640e-03 4.321316e-04)
29            	(-2.380587e-03 1.179587e+01 -1.453800e-02)	(-2.051366e-03 1.180495e+01 -1.497067e-02)	(-3.292214e-04 -9.079605e-03 4.326688e-04)
29.025        	(-2.292770e-03 1.179333e+01 -1.445443e-02)	(-1.963476e-03 1.180238e+01 -1.488800e-02)	(-3.292936e-04 -9.055852e-03 4.335733e-04)
29.05         	(-2.399645e-03 1.179091e+01 -1.470179e-02)	(-2.069894e-03 1.179994e+01 -1.513561e-02)	(-3.297506e-04 -9.032191e-03 4.338170e-04)
29.075        	(-2.293390e-03 1.178831e+01 -1.452434e-02)	(-1.963504e-03 1.179732e+01 -1.495866e-02)	(-3.298859e-04 -9.008841e-03 4.343215e-04)
29.1          	(-2.507855e-03 1.178605e+01 -1.495848e-02)	(-2.177064e-03 1.179503e+01 -1.539227e-02)	(-3.307915e-04 -8.985090e-03 4.337846e-04)
29.125        	(-2.224121e-03 1.178374e+01 -1.456845e-02)	(-1.893559e-03 1.179270e+01 -1.500276e-02)	(-3.305622e-04 -8.961318e-03 4.343152e-04)
29.15         	(-2.545222e-03 1.178123e+01 -1.503543e-02)	(-2.213778e-03 1.179017e+01 -1.546937e-02)	(-3.314434e-04 -8.938015e-03 4.339453e-04)
29.175        	(-2.207630e-03 1.177891e+01 -1.454173e-02)	(-1.876398e-03 1.178782e+01 -1.497650e-02)	(-3.312315e-04 -8.914695e-03 4.347696e-04)
29.2          	(-2.499890e-03 1.177634e+01 -1.492272e-02)	(-2.167963e-03 1.178523e+01 -1.535787e-02)	(-3.319271e-04 -8.891861e-03 4.351506e-04)
29.225        	(-2.211179e-03 1.177387e+01 -1.438145e-02)	(-1.879376e-03 1.178274e+01 -1.481798e-02)	(-3.318024e-04 -8.869281e-03 4.365226e-04)
29.25         	(-2.443860e-03 1.177132e+01 -1.471345e-02)	(-2.111621e-03 1.178017e+01 -1.515087e-02)	(-3.322385e-04 -8.846830e-03 4.374223e-04)
29.275        	(-2.250890e-03 1.176891e+01 -1.446129e-02)	(-1.918675e-03 1.177774e+01 -1.489979e-02)	(-3.322146e-04 -8.824414e-03 4.384976e-04)
29.3          	(-2.429315e-03 1.176640e+01 -1.468492e-02)	(-2.096626e-03 1.177520e+01 -1.512395e-02)	(-3.326892e-04 -8.802152e-03 4.390288e-04)
29.325        	(-2.279259e-03 1.176387e+01 -1.448562e-02)	(-1.946485e-03 1.177265e+01 -1.492554e-02)	(-3.327738e-04 -8.780119e-03 4.399238e-04)
29.35         	(-2.410588e-03 1.176133e+01 -1.472265e-02)	(-2.077393e-03 1.177009e+01 -1.516295e-02)	(-3.331954e-04 -8.758274e-03 4.403081e-04)
29.375        	(-2.307062e-03 1.175881e+01 -1.450413e-02)	(-1.973694e-03 1.176755e+01 -1.494520e-02)	(-3.333683e-04 -8.736627e-03 4.410631e-04)
29.4          	(-2.388325e-03 1.175629e+01 -1.471959e-02)	(-2.054609e-03 1.176500e+01 -1.516113e-02)	(-3.337152e-04 -8.715147e-03 4.415374e-04)
29.425        	(-2.321465e-03 1.175366e+01 -1.464905e-02)	(-1.987573e-03 1.176235e+01 -1.509104e-02)	(-3.338920e-04 -8.694030e-03 4.419937e-04)
29.45         	(-2.379514e-03 1.175101e+01 -1.470649e-02)	(-2.045292e-03 1.175968e+01 -1.514893e-02)	(-3.342220e-04 -8.673268e-03 4.424469e-04)
29.475        	(-2.312293e-03 1.174830e+01 -1.454123e-02)	(-1.977966e-03 1.175696e+01 -1.498463e-02)	(-3.343263e-04 -8.652876e-03 4.433989e-04)
29.5          	(-2.415764e-03 1.174574e+01 -1.465477e-02)	(-2.081043e-03 1.175437e+01 -1.509893e-02)	(-3.347208e-04 -8.632474e-03 4.441614e-04)
29.525        	(-2.327087e-03 1.174326e+01 -1.471373e-02)	(-1.992244e-03 1.175188e+01 -1.515832e-02)	(-3.348430e-04 -8.612018e-03 4.445861e-04)
29.55         	(-2.415239e-03 1.174079e+01 -1.484064e-02)	(-2.079996e-03 1.174938e+01 -1.528531e-02)	(-3.352427e-04 -8.591751e-03 4.446729e-04)
29.575        	(-2.354955e-03 1.173816e+01 -1.476624e-02)	(-2.019434e-03 1.174674e+01 -1.521123e-02)	(-3.355211e-04 -8.571887e-03 4.449916e-04)
29.6          	(-2.353726e-03 1.173555e+01 -1.464659e-02)	(-2.018088e-03 1.174410e+01 -1.509262e-02)	(-3.356376e-04 -8.552295e-03 4.460280e-04)
29.625        	(-2.392351e-03 1.173299e+01 -1.483249e-02)	(-2.056260e-03 1.174152e+01 -1.527908e-02)	(-3.360907e-04 -8.532907e-03 4.465944e-04)
29.65         	(-2.313835e-03 1.173041e+01 -1.441876e-02)	(-1.977628e-03 1.173892e+01 -1.486678e-02)	(-3.362069e-04 -8.513783e-03 4.480232e-04)
29.675        	(-2.407454e-03 1.172777e+01 -1.482713e-02)	(-2.070834e-03 1.173627e+01 -1.527581e-02)	(-3.366196e-04 -8.494844e-03 4.486741e-04)
29.7          	(-2.301758e-03 1.172509e+01 -1.462789e-02)	(-1.965081e-03 1.173357e+01 -1.507722e-02)	(-3.366770e-04 -8.476211e-03 4.493361e-04)
29.725        	(-2.431558e-03 1.172236e+01 -1.476659e-02)	(-2.094373e-03 1.173082e+01 -1.521647e-02)	(-3.371851e-04 -8.457957e-03 4.498815e-04)
29.75         	(-2.275898e-03 1.171967e+01 -1.445902e-02)	(-1.938761e-03 1.172811e+01 -1.491028e-02)	(-3.371373e-04 -8.440043e-03 4.512550e-04)
29.775        	(-2.422810e-03 1.171699e+01 -1.466927e-02)	(-2.085290e-03 1.172541e+01 -1.512161e-02)	(-3.375199e-04 -8.422313e-03 4.523452e-04)
29.8          	(-2.281561e-03 1.171439e+01 -1.447365e-02)	(-1.944068e-03 1.172279e+01 -1.492723e-02)	(-3.374929e-04 -8.404675e-03 4.535798e-04)
29.825        	(-2.406985e-03 1.171164e+01 -1.463021e-02)	(-2.069165e-03 1.172002e+01 -1.508465e-02)	(-3.378199e-04 -8.387374e-03 4.544462e-04)
29.85         	(-2.302160e-03 1.170891e+01 -1.453080e-02)	(-1.964266e-03 1.171728e+01 -1.498619e-02)	(-3.378934e-04 -8.370421e-03 4.553848e-04)
29.875        	(-2.392375e-03 1.170617e+01 -1.469236e-02)	(-2.054174e-03 1.171452e+01 -1.514840e-02)	(-3.382012e-04 -8.353801e-03 4.560379e-04)
29.9          	(-2.317990e-03 1.170344e+01 -1.459011e-02)	(-1.979658e-03 1.171177e+01 -1.504692e-02)	(-3.383318e-04 -8.337419e-03 4.568090e-04)
29.925        	(-2.376238e-03 1.170060e+01 -1.458143e-02)	(-2.037655e-03 1.170892e+01 -1.503919e-02)	(-3.385835e-04 -8.321399e-03 4.577584e-04)
29.95         	(-2.373815e-03 1.169769e+01 -1.479774e-02)	(-2.034862e-03 1.170600e+01 -1.525577e-02)	(-3.389525e-04 -8.305906e-03 4.580308e-04)
29.975        	(-2.362424e-03 1.169519e+01 -1.451646e-02)	(-2.023296e-03 1.170348e+01 -1.497551e-02)	(-3.391282e-04 -8.290146e-03 4.590471e-04)
30            	(-2.494283e-03 1.169246e+01 -1.506787e-02)	(-2.154356e-03 1.170073e+01 -1.552644e-02)	(-3.399265e-04 -8.274660e-03 4.585696e-04)
30.025        	(-2.269291e-03 1.168975e+01 -1.452438e-02)	(-1.929539e-03 1.169801e+01 -1.498389e-02)	(-3.397514e-04 -8.259457e-03 4.595103e-04)
30.05         	(-2.464115e-03 1.168691e+01 -1.482663e-02)	(-2.123986e-03 1.169516e+01 -1.528703e-02)	(-3.401294e-04 -8.244894e-03 4.603943e-04)
30.075        	(-2.282403e-03 1.168395e+01 -1.465025e-02)	(-1.942386e-03 1.169218e+01 -1.511161e-02)	(-3.400170e-04 -8.230750e-03 4.613648e-04)
30.1          	(-2.480105e-03 1.168121e+01 -1.478840e-02)	(-2.139524e-03 1.168942e+01 -1.525045e-02)	(-3.405804e-04 -8.216689e-03 4.620548e-04)
30.125        	(-2.241696e-03 1.167836e+01 -1.456123e-02)	(-1.901403e-03 1.168656e+01 -1.502457e-02)	(-3.402933e-04 -8.203122e-03 4.633328e-04)
30.15         	(-2.471969e-03 1.167540e+01 -1.482582e-02)	(-2.131124e-03 1.168359e+01 -1.528983e-02)	(-3.408457e-04 -8.190009e-03 4.640125e-04)
30.175        	(-2.261359e-03 1.167258e+01 -1.453225e-02)	(-1.920525e-03 1.168076e+01 -1.499754e-02)	(-3.408346e-04 -8.177099e-03 4.652944e-04)
30.2          	(-2.462207e-03 1.166969e+01 -1.467436e-02)	(-2.120839e-03 1.167786e+01 -1.514067e-02)	(-3.413684e-04 -8.164405e-03 4.663101e-04)
30.225        	(-2.253625e-03 1.166669e+01 -1.461334e-02)	(-1.912403e-03 1.167485e+01 -1.508074e-02)	(-3.412223e-04 -8.152178e-03 4.673966e-04)
30.25         	(-2.454723e-03 1.166380e+01 -1.466792e-02)	(-2.113044e-03 1.167194e+01 -1.513614e-02)	(-3.416798e-04 -8.140333e-03 4.682232e-04)
30.275        	(-2.257203e-03 1.166083e+01 -1.446471e-02)	(-1.915659e-03 1.166896e+01 -1.493447e-02)	(-3.415443e-04 -8.128820e-03 4.697634e-04)
30.3          	(-2.469396e-03 1.165794e+01 -1.482637e-02)	(-2.127312e-03 1.166606e+01 -1.529671e-02)	(-3.420841e-04 -8.117541e-03 4.703434e-04)
30.325        	(-2.277426e-03 1.165496e+01 -1.451543e-02)	(-1.935346e-03 1.166306e+01 -1.498679e-02)	(-3.420795e-04 -8.106584e-03 4.713606e-04)
30.35         	(-2.403379e-03 1.165198e+01 -1.456193e-02)	(-2.061090e-03 1.166008e+01 -1.503464e-02)	(-3.422895e-04 -8.095992e-03 4.727114e-04)
30.375        	(-2.336926e-03 1.164903e+01 -1.459162e-02)	(-1.994580e-03 1.165711e+01 -1.506521e-02)	(-3.423463e-04 -8.085704e-03 4.735870e-04)
30.4          	(-2.396241e-03 1.164600e+01 -1.468339e-02)	(-2.053577e-03 1.165407e+01 -1.515761e-02)	(-3.426649e-04 -8.075765e-03 4.742286e-04)
30.425        	(-2.246251e-03 1.164294e+01 -1.433704e-02)	(-1.903895e-03 1.165100e+01 -1.481314e-02)	(-3.423556e-04 -8.066195e-03 4.760938e-04)
30.45         	(-2.513705e-03 1.164004e+01 -1.486859e-02)	(-2.170620e-03 1.164809e+01 -1.534496e-02)	(-3.430847e-04 -8.056594e-03 4.763728e-04)
30.475        	(-2.249269e-03 1.163708e+01 -1.454957e-02)	(-1.906334e-03 1.164512e+01 -1.502661e-02)	(-3.429353e-04 -8.047340e-03 4.770447e-04)
30.5          	(-2.531871e-03 1.163410e+01 -1.494416e-02)	(-2.188200e-03 1.164214e+01 -1.542131e-02)	(-3.436706e-04 -8.038638e-03 4.771447e-04)
30.525        	(-2.222209e-03 1.163106e+01 -1.449821e-02)	(-1.878726e-03 1.163909e+01 -1.497653e-02)	(-3.434822e-04 -8.030213e-03 4.783198e-04)
30.55         	(-2.453109e-03 1.162802e+01 -1.463759e-02)	(-2.109275e-03 1.163604e+01 -1.511735e-02)	(-3.438343e-04 -8.022080e-03 4.797662e-04)
30.575        	(-2.308111e-03 1.162493e+01 -1.467391e-02)	(-1.964164e-03 1.163295e+01 -1.515465e-02)	(-3.439474e-04 -8.014256e-03 4.807406e-04)
30.6          	(-2.391277e-03 1.162191e+01 -1.448380e-02)	(-2.047134e-03 1.162991e+01 -1.496589e-02)	(-3.441438e-04 -8.006728e-03 4.820887e-04)
30.625        	(-2.371520e-03 1.161898e+01 -1.469612e-02)	(-2.027086e-03 1.162698e+01 -1.517906e-02)	(-3.444346e-04 -7.999390e-03 4.829400e-04)
30.65         	(-2.344237e-03 1.161581e+01 -1.454141e-02)	(-1.999740e-03 1.162381e+01 -1.502535e-02)	(-3.444969e-04 -7.992440e-03 4.839382e-04)
30.675        	(-2.363431e-03 1.161266e+01 -1.470521e-02)	(-2.018804e-03 1.162065e+01 -1.518995e-02)	(-3.446276e-04 -7.985973e-03 4.847457e-04)
30.7          	(-2.370813e-03 1.160948e+01 -1.456671e-02)	(-2.025962e-03 1.161746e+01 -1.505250e-02)	(-3.448511e-04 -7.979901e-03 4.857899e-04)
30.725        	(-2.336298e-03 1.160641e+01 -1.463661e-02)	(-1.991398e-03 1.161438e+01 -1.512347e-02)	(-3.448998e-04 -7.974097e-03 4.868598e-04)
30.75         	(-2.376148e-03 1.160315e+01 -1.461812e-02)	(-2.031051e-03 1.161112e+01 -1.510591e-02)	(-3.450970e-04 -7.968717e-03 4.877880e-04)
30.775        	(-2.329516e-03 1.160008e+01 -1.457242e-02)	(-1.984379e-03 1.160804e+01 -1.506135e-02)	(-3.451373e-04 -7.963522e-03 4.889323e-04)
30.8          	(-2.384297e-03 1.159682e+01 -1.463931e-02)	(-2.038921e-03 1.160478e+01 -1.512921e-02)	(-3.453756e-04 -7.958745e-03 4.898925e-04)
30.825        	(-2.364890e-03 1.159372e+01 -1.470691e-02)	(-2.019267e-03 1.160167e+01 -1.519749e-02)	(-3.456231e-04 -7.954276e-03 4.905807e-04)
30.85         	(-2.337035e-03 1.159054e+01 -1.449104e-02)	(-1.991376e-03 1.159849e+01 -1.498294e-02)	(-3.456588e-04 -7.950037e-03 4.919022e-04)
30.875        	(-2.389220e-03 1.158733e+01 -1.469762e-02)	(-2.043301e-03 1.159528e+01 -1.519050e-02)	(-3.459186e-04 -7.946114e-03 4.928801e-04)
30.9          	(-2.340025e-03 1.158410e+01 -1.463217e-02)	(-1.993995e-03 1.159205e+01 -1.512580e-02)	(-3.460303e-04 -7.942572e-03 4.936318e-04)
30.925        	(-2.380414e-03 1.158086e+01 -1.464510e-02)	(-2.034169e-03 1.158880e+01 -1.513954e-02)	(-3.462456e-04 -7.939301e-03 4.944410e-04)
30.95         	(-2.336732e-03 1.157749e+01 -1.461803e-02)	(-1.990415e-03 1.158543e+01 -1.511349e-02)	(-3.463172e-04 -7.936540e-03 4.954667e-04)
30.975        	(-2.424504e-03 1.157434e+01 -1.472890e-02)	(-2.077846e-03 1.158227e+01 -1.522500e-02)	(-3.466574e-04 -7.933880e-03 4.960924e-04)
31            	(-2.358800e-03 1.157120e+01 -1.471641e-02)	(-2.011995e-03 1.157913e+01 -1.521302e-02)	(-3.468052e-04 -7.931367e-03 4.966129e-04)
31.025        	(-2.414421e-03 1.156798e+01 -1.483561e-02)	(-2.067319e-03 1.157591e+01 -1.533259e-02)	(-3.471018e-04 -7.929182e-03 4.969871e-04)
31.05         	(-2.359179e-03 1.156469e+01 -1.469934e-02)	(-2.011955e-03 1.157262e+01 -1.519719e-02)	(-3.472246e-04 -7.927407e-03 4.978472e-04)
31.075        	(-2.374919e-03 1.156140e+01 -1.469123e-02)	(-2.027532e-03 1.156933e+01 -1.519026e-02)	(-3.473871e-04 -7.926113e-03 4.990304e-04)
31.1          	(-2.318441e-03 1.155809e+01 -1.448305e-02)	(-1.971118e-03 1.156602e+01 -1.498380e-02)	(-3.473230e-04 -7.925163e-03 5.007507e-04)
31.125        	(-2.400116e-03 1.155478e+01 -1.470888e-02)	(-2.052525e-03 1.156271e+01 -1.521070e-02)	(-3.475905e-04 -7.924349e-03 5.018169e-04)
31.15         	(-2.285971e-03 1.155136e+01 -1.450694e-02)	(-1.938536e-03 1.155928e+01 -1.501002e-02)	(-3.474350e-04 -7.924006e-03 5.030817e-04)
31.175        	(-2.438575e-03 1.154806e+01 -1.476916e-02)	(-2.090716e-03 1.155598e+01 -1.527293e-02)	(-3.478590e-04 -7.924019e-03 5.037655e-04)
31.2          	(-2.300955e-03 1.154482e+01 -1.454822e-02)	(-1.953074e-03 1.155275e+01 -1.505297e-02)	(-3.478809e-04 -7.924127e-03 5.047484e-04)
31.225        	(-2.444001e-03 1.154148e+01 -1.482846e-02)	(-2.095687e-03 1.154940e+01 -1.533365e-02)	(-3.483140e-04 -7.924497e-03 5.051925e-04)
31.25         	(-2.288311e-03 1.153807e+01 -1.459387e-02)	(-1.940085e-03 1.154599e+01 -1.509995e-02)	(-3.482264e-04 -7.925249e-03 5.060811e-04)
31.275        	(-2.450415e-03 1.153475e+01 -1.477055e-02)	(-2.101754e-03 1.154268e+01 -1.527734e-02)	(-3.486614e-04 -7.926241e-03 5.067889e-04)
31.3          	(-2.251763e-03 1.153134e+01 -1.458648e-02)	(-1.903365e-03 1.153927e+01 -1.509446e-02)	(-3.483985e-04 -7.927543e-03 5.079830e-04)
31.325        	(-2.473814e-03 1.152793e+01 -1.477571e-02)	(-2.124919e-03 1.153586e+01 -1.528450e-02)	(-3.488950e-04 -7.929194e-03 5.087917e-04)
31.35         	(-2.274850e-03 1.152460e+01 -1.454028e-02)	(-1.926029e-03 1.153253e+01 -1.505032e-02)	(-3.488203e-04 -7.931067e-03 5.100358e-04)
31.375        	(-2.425179e-03 1.152113e+01 -1.479017e-02)	(-2.076097e-03 1.152906e+01 -1.530096e-02)	(-3.490819e-04 -7.933330e-03 5.107875e-04)
31.4          	(-2.308912e-03 1.151768e+01 -1.462750e-02)	(-1.959823e-03 1.152562e+01 -1.513915e-02)	(-3.490892e-04 -7.935887e-03 5.116407e-04)
31.425        	(-2.410771e-03 1.151425e+01 -1.474354e-02)	(-2.061399e-03 1.152218e+01 -1.525592e-02)	(-3.493723e-04 -7.938701e-03 5.123829e-04)
31.45         	(-2.337381e-03 1.151085e+01 -1.469959e-02)	(-1.987886e-03 1.151879e+01 -1.521272e-02)	(-3.494953e-04 -7.941738e-03 5.131256e-04)
31.475        	(-2.372848e-03 1.150743e+01 -1.461590e-02)	(-2.023227e-03 1.151537e+01 -1.513013e-02)	(-3.496212e-04 -7.945044e-03 5.142326e-04)
31.5          	(-2.324287e-03 1.150386e+01 -1.470062e-02)	(-1.974711e-03 1.151181e+01 -1.521576e-02)	(-3.495761e-04 -7.948765e-03 5.151447e-04)
31.525        	(-2.368160e-03 1.150033e+01 -1.461724e-02)	(-2.018474e-03 1.150829e+01 -1.513344e-02)	(-3.496855e-04 -7.952844e-03 5.161919e-04)
31.55         	(-2.318923e-03 1.149685e+01 -1.465356e-02)	(-1.969254e-03 1.150481e+01 -1.517084e-02)	(-3.496693e-04 -7.957113e-03 5.172787e-04)
31.575        	(-2.434783e-03 1.149340e+01 -1.483286e-02)	(-2.084626e-03 1.150136e+01 -1.535048e-02)	(-3.501568e-04 -7.961552e-03 5.176141e-04)
31.6          	(-2.322973e-03 1.149001e+01 -1.473980e-02)	(-1.972709e-03 1.149797e+01 -1.525799e-02)	(-3.502638e-04 -7.966173e-03 5.181842e-04)
31.625        	(-2.447094e-03 1.148657e+01 -1.482486e-02)	(-2.096351e-03 1.149454e+01 -1.534360e-02)	(-3.507436e-04 -7.971032e-03 5.187416e-04)
31.65         	(-2.311083e-03 1.148309e+01 -1.483511e-02)	(-1.960348e-03 1.149106e+01 -1.535442e-02)	(-3.507350e-04 -7.976206e-03 5.193153e-04)
31.675        	(-2.413198e-03 1.147947e+01 -1.469916e-02)	(-2.062240e-03 1.148745e+01 -1.521942e-02)	(-3.509582e-04 -7.981853e-03 5.202647e-04)
31.7          	(-2.276050e-03 1.147600e+01 -1.453980e-02)	(-1.925330e-03 1.148399e+01 -1.506178e-02)	(-3.507200e-04 -7.987723e-03 5.219806e-04)
31.725        	(-2.457519e-03 1.147243e+01 -1.497528e-02)	(-2.106353e-03 1.148042e+01 -1.549759e-02)	(-3.511652e-04 -7.993799e-03 5.223089e-04)
31.75         	(-2.270879e-03 1.146890e+01 -1.455730e-02)	(-1.919846e-03 1.147690e+01 -1.508058e-02)	(-3.510328e-04 -8.000160e-03 5.232818e-04)
31.775        	(-2.480731e-03 1.146540e+01 -1.493072e-02)	(-2.129151e-03 1.147340e+01 -1.545452e-02)	(-3.515792e-04 -8.006713e-03 5.238003e-04)
31.8          	(-2.255999e-03 1.146189e+01 -1.464556e-02)	(-1.904625e-03 1.146991e+01 -1.517028e-02)	(-3.513746e-04 -8.013462e-03 5.247216e-04)
31.825        	(-2.472190e-03 1.145834e+01 -1.489165e-02)	(-2.120371e-03 1.146636e+01 -1.541685e-02)	(-3.518190e-04 -8.020434e-03 5.252006e-04)
31.85         	(-2.288290e-03 1.145478e+01 -1.475811e-02)	(-1.936517e-03 1.146281e+01 -1.528393e-02)	(-3.517730e-04 -8.027647e-03 5.258175e-04)
31.875        	(-2.415228e-03 1.145113e+01 -1.480690e-02)	(-2.063252e-03 1.145916e+01 -1.533334e-02)	(-3.519753e-04 -8.035198e-03 5.264344e-04)
31.9          	(-2.302385e-03 1.144756e+01 -1.467063e-02)	(-1.950491e-03 1.145560e+01 -1.519817e-02)	(-3.518947e-04 -8.042993e-03 5.275429e-04)
31.925        	(-2.419651e-03 1.144399e+01 -1.487394e-02)	(-2.067456e-03 1.145204e+01 -1.540215e-02)	(-3.521948e-04 -8.050941e-03 5.282056e-04)
31.95         	(-2.327880e-03 1.144044e+01 -1.473022e-02)	(-1.975611e-03 1.144850e+01 -1.525909e-02)	(-3.522689e-04 -8.059062e-03 5.288777e-04)
31.975        	(-2.416305e-03 1.143693e+01 -1.482922e-02)	(-2.063716e-03 1.144500e+01 -1.535875e-02)	(-3.525886e-04 -8.067225e-03 5.295268e-04)
32            	(-2.317079e-03 1.143331e+01 -1.486121e-02)	(-1.964509e-03 1.144139e+01 -1.539127e-02)	(-3.525700e-04 -8.075684e-03 5.300599e-04)
32.025        	(-2.415820e-03 1.142967e+01 -1.495427e-02)	(-2.062959e-03 1.143775e+01 -1.548469e-02)	(-3.528614e-04 -8.084435e-03 5.304178e-04)
32.05         	(-2.323245e-03 1.142604e+01 -1.473356e-02)	(-1.970356e-03 1.143413e+01 -1.526491e-02)	(-3.528882e-04 -8.093479e-03 5.313501e-04)
32.075        	(-2.402652e-03 1.142245e+01 -1.490535e-02)	(-2.049528e-03 1.143055e+01 -1.543743e-02)	(-3.531231e-04 -8.102669e-03 5.320809e-04)
32.1          	(-2.314632e-03 1.141876e+01 -1.481108e-02)	(-1.961568e-03 1.142687e+01 -1.534391e-02)	(-3.530639e-04 -8.112089e-03 5.328236e-04)
32.125        	(-2.409348e-03 1.141519e+01 -1.488644e-02)	(-2.056004e-03 1.142332e+01 -1.541993e-02)	(-3.533438e-04 -8.121545e-03 5.334882e-04)
32.15         	(-2.290768e-03 1.141147e+01 -1.477246e-02)	(-1.937573e-03 1.141960e+01 -1.530690e-02)	(-3.531947e-04 -8.131336e-03 5.344386e-04)
32.175        	(-2.421741e-03 1.140784e+01 -1.493554e-02)	(-2.068226e-03 1.141599e+01 -1.547058e-02)	(-3.535143e-04 -8.141306e-03 5.350396e-04)
32.2          	(-2.277048e-03 1.140411e+01 -1.468883e-02)	(-1.923700e-03 1.141226e+01 -1.522498e-02)	(-3.533488e-04 -8.151510e-03 5.361537e-04)
32.225        	(-2.453247e-03 1.140052e+01 -1.503999e-02)	(-2.099438e-03 1.140868e+01 -1.557650e-02)	(-3.538093e-04 -8.161840e-03 5.365028e-04)
32.25         	(-2.287542e-03 1.139694e+01 -1.469150e-02)	(-1.933769e-03 1.140511e+01 -1.522893e-02)	(-3.537734e-04 -8.172151e-03 5.374313e-04)
32.275        	(-2.477123e-03 1.139342e+01 -1.512496e-02)	(-2.122804e-03 1.140160e+01 -1.566239e-02)	(-3.543188e-04 -8.182372e-03 5.374304e-04)
32.3          	(-2.253734e-03 1.138973e+01 -1.468802e-02)	(-1.899674e-03 1.139792e+01 -1.522632e-02)	(-3.540597e-04 -8.192956e-03 5.383008e-04)
32.325        	(-2.484371e-03 1.138615e+01 -1.512511e-02)	(-2.129807e-03 1.139435e+01 -1.566369e-02)	(-3.545635e-04 -8.203849e-03 5.385838e-04)
32.35         	(-2.238338e-03 1.138241e+01 -1.471173e-02)	(-1.884048e-03 1.139062e+01 -1.525130e-02)	(-3.542903e-04 -8.214934e-03 5.395676e-04)
32.375        	(-2.446813e-03 1.137879e+01 -1.500525e-02)	(-2.092222e-03 1.138701e+01 -1.554545e-02)	(-3.545908e-04 -8.226029e-03 5.401981e-04)
32.4          	(-2.347522e-03 1.137512e+01 -1.512294e-02)	(-1.992678e-03 1.138336e+01 -1.566297e-02)	(-3.548440e-04 -8.237272e-03 5.400297e-04)
32.425        	(-2.368478e-03 1.137143e+01 -1.483502e-02)	(-2.013547e-03 1.137968e+01 -1.537569e-02)	(-3.549305e-04 -8.248691e-03 5.406700e-04)
32.45         	(-2.403439e-03 1.136777e+01 -1.513636e-02)	(-2.048189e-03 1.137603e+01 -1.567735e-02)	(-3.552506e-04 -8.260254e-03 5.409877e-04)
32.475        	(-2.332943e-03 1.136413e+01 -1.488014e-02)	(-1.977690e-03 1.137240e+01 -1.542178e-02)	(-3.552530e-04 -8.271944e-03 5.416340e-04)
32.5          	(-2.398594e-03 1.136048e+01 -1.500621e-02)	(-2.043141e-03 1.136876e+01 -1.554840e-02)	(-3.554532e-04 -8.283717e-03 5.421971e-04)
32.525        	(-2.349921e-03 1.135683e+01 -1.494749e-02)	(-1.994373e-03 1.136512e+01 -1.549022e-02)	(-3.555482e-04 -8.295616e-03 5.427364e-04)
32.55         	(-2.364062e-03 1.135315e+01 -1.495587e-02)	(-2.008454e-03 1.136146e+01 -1.549926e-02)	(-3.556082e-04 -8.307617e-03 5.433868e-04)
32.575        	(-2.373188e-03 1.134950e+01 -1.495950e-02)	(-2.017414e-03 1.135782e+01 -1.550351e-02)	(-3.557739e-04 -8.319719e-03 5.440121e-04)
32.6          	(-2.371986e-03 1.134581e+01 -1.510834e-02)	(-2.016042e-03 1.135414e+01 -1.565252e-02)	(-3.559446e-04 -8.331950e-03 5.441793e-04)
32.625        	(-2.380917e-03 1.134217e+01 -1.503870e-02)	(-2.024759e-03 1.135052e+01 -1.558315e-02)	(-3.561579e-04 -8.344208e-03 5.444478e-04)
32.65         	(-2.367252e-03 1.133857e+01 -1.501924e-02)	(-2.010946e-03 1.134692e+01 -1.556434e-02)	(-3.563065e-04 -8.356516e-03 5.450975e-04)
32.675        	(-2.361029e-03 1.133495e+01 -1.496844e-02)	(-2.004640e-03 1.134332e+01 -1.551435e-02)	(-3.563889e-04 -8.368843e-03 5.459131e-04)
32.7          	(-2.353785e-03 1.133132e+01 -1.500473e-02)	(-1.997352e-03 1.133971e+01 -1.555132e-02)	(-3.564333e-04 -8.381225e-03 5.465912e-04)
32.725        	(-2.367797e-03 1.132768e+01 -1.504584e-02)	(-2.011248e-03 1.133608e+01 -1.559290e-02)	(-3.565491e-04 -8.393724e-03 5.470600e-04)
32.75         	(-2.345201e-03 1.132390e+01 -1.505070e-02)	(-1.988618e-03 1.133230e+01 -1.559816e-02)	(-3.565834e-04 -8.406513e-03 5.474597e-04)
32.775        	(-2.367396e-03 1.132025e+01 -1.509782e-02)	(-2.010676e-03 1.132867e+01 -1.564565e-02)	(-3.567202e-04 -8.419326e-03 5.478364e-04)
32.8          	(-2.377431e-03 1.131654e+01 -1.511731e-02)	(-2.020483e-03 1.132497e+01 -1.566543e-02)	(-3.569484e-04 -8.432283e-03 5.481137e-04)
32.825        	(-2.382377e-03 1.131295e+01 -1.513163e-02)	(-2.025168e-03 1.132140e+01 -1.568012e-02)	(-3.572082e-04 -8.445236e-03 5.484849e-04)
32.85         	(-2.352747e-03 1.130928e+01 -1.504623e-02)	(-1.995459e-03 1.131774e+01 -1.559535e-02)	(-3.572888e-04 -8.458226e-03 5.491125e-04)
32.875        	(-2.366826e-03 1.130561e+01 -1.512204e-02)	(-2.009438e-03 1.131408e+01 -1.567171e-02)	(-3.573880e-04 -8.471286e-03 5.496715e-04)
32.9          	(-2.397694e-03 1.130189e+01 -1.519592e-02)	(-2.040009e-03 1.131037e+01 -1.574572e-02)	(-3.576854e-04 -8.484494e-03 5.498025e-04)
32.925        	(-2.306364e-03 1.129829e+01 -1.505670e-02)	(-1.948806e-03 1.130679e+01 -1.560712e-02)	(-3.575583e-04 -8.497686e-03 5.504221e-04)
32.95         	(-2.405904e-03 1.129452e+01 -1.512783e-02)	(-2.048122e-03 1.130303e+01 -1.567881e-02)	(-3.577827e-04 -8.511045e-03 5.509815e-04)
32.975        	(-2.371032e-03 1.129090e+01 -1.523174e-02)	(-2.012992e-03 1.129943e+01 -1.578282e-02)	(-3.580402e-04 -8.524430e-03 5.510793e-04)
33            	(-2.350812e-03 1.128735e+01 -1.498328e-02)	(-1.992721e-03 1.129588e+01 -1.553522e-02)	(-3.580914e-04 -8.537480e-03 5.519428e-04)
33.025        	(-2.425906e-03 1.128370e+01 -1.534874e-02)	(-2.067432e-03 1.129225e+01 -1.590076e-02)	(-3.584736e-04 -8.550665e-03 5.520231e-04)
33.05         	(-2.326360e-03 1.128014e+01 -1.511117e-02)	(-1.967896e-03 1.128870e+01 -1.566343e-02)	(-3.584641e-04 -8.563897e-03 5.522572e-04)
33.075        	(-2.428345e-03 1.127651e+01 -1.520186e-02)	(-2.069610e-03 1.128509e+01 -1.575429e-02)	(-3.587350e-04 -8.577190e-03 5.524239e-04)
33.1          	(-2.319695e-03 1.127286e+01 -1.522617e-02)	(-1.960985e-03 1.128145e+01 -1.577904e-02)	(-3.587098e-04 -8.590765e-03 5.528788e-04)
33.125        	(-2.381306e-03 1.126921e+01 -1.513456e-02)	(-2.022517e-03 1.127781e+01 -1.568823e-02)	(-3.587887e-04 -8.604313e-03 5.536682e-04)
33.15         	(-2.357104e-03 1.126560e+01 -1.530700e-02)	(-1.998182e-03 1.127422e+01 -1.586100e-02)	(-3.589213e-04 -8.617706e-03 5.539950e-04)
33.175        	(-2.394705e-03 1.126196e+01 -1.522387e-02)	(-2.035513e-03 1.127059e+01 -1.577799e-02)	(-3.591920e-04 -8.631202e-03 5.541151e-04)
33.2          	(-2.371012e-03 1.125835e+01 -1.525944e-02)	(-2.011623e-03 1.126700e+01 -1.581386e-02)	(-3.593891e-04 -8.644635e-03 5.544202e-04)
33.225        	(-2.354920e-03 1.125482e+01 -1.520143e-02)	(-1.995502e-03 1.126348e+01 -1.575636e-02)	(-3.594176e-04 -8.657931e-03 5.549356e-04)
33.25         	(-2.409756e-03 1.125112e+01 -1.537098e-02)	(-2.050047e-03 1.125979e+01 -1.592591e-02)	(-3.597093e-04 -8.671297e-03 5.549319e-04)
33.275        	(-2.360613e-03 1.124757e+01 -1.528336e-02)	(-2.000757e-03 1.125626e+01 -1.583848e-02)	(-3.598567e-04 -8.684701e-03 5.551164e-04)
33.3          	(-2.364993e-03 1.124393e+01 -1.520818e-02)	(-2.005082e-03 1.125262e+01 -1.576397e-02)	(-3.599106e-04 -8.698176e-03 5.557933e-04)
33.325        	(-2.369341e-03 1.124036e+01 -1.529450e-02)	(-2.009325e-03 1.124908e+01 -1.585079e-02)	(-3.600157e-04 -8.711605e-03 5.562915e-04)
33.35         	(-2.353633e-03 1.123674e+01 -1.522604e-02)	(-1.993578e-03 1.124547e+01 -1.578286e-02)	(-3.600554e-04 -8.725029e-03 5.568270e-04)
33.375        	(-2.412153e-03 1.123324e+01 -1.536753e-02)	(-2.051818e-03 1.124198e+01 -1.592431e-02)	(-3.603349e-04 -8.738139e-03 5.567762e-04)
33.4          	(-2.386809e-03 1.122965e+01 -1.544511e-02)	(-2.026225e-03 1.123840e+01 -1.600161e-02)	(-3.605832e-04 -8.751314e-03 5.564939e-04)
33.425        	(-2.386095e-03 1.122610e+01 -1.538688e-02)	(-2.025297e-03 1.123487e+01 -1.594358e-02)	(-3.607973e-04 -8.764714e-03 5.566966e-04)
33.45         	(-2.368618e-03 1.122254e+01 -1.534138e-02)	(-2.007709e-03 1.123132e+01 -1.589864e-02)	(-3.609096e-04 -8.778063e-03 5.572666e-04)
33.475        	(-2.379865e-03 1.121896e+01 -1.537937e-02)	(-2.018818e-03 1.122775e+01 -1.593699e-02)	(-3.610470e-04 -8.791221e-03 5.576172e-04)
33.5          	(-2.375076e-03 1.121547e+01 -1.540771e-02)	(-2.013880e-03 1.122428e+01 -1.596559e-02)	(-3.611963e-04 -8.804309e-03 5.578795e-04)
33.525        	(-2.357920e-03 1.121189e+01 -1.526659e-02)	(-1.996671e-03 1.122071e+01 -1.582509e-02)	(-3.612492e-04 -8.817397e-03 5.585012e-04)
33.55         	(-2.377962e-03 1.120844e+01 -1.529259e-02)	(-2.016578e-03 1.121727e+01 -1.585183e-02)	(-3.613840e-04 -8.830278e-03 5.592359e-04)
33.575        	(-2.346663e-03 1.120485e+01 -1.535960e-02)	(-1.985261e-03 1.121369e+01 -1.591923e-02)	(-3.614016e-04 -8.843188e-03 5.596270e-04)
33.6          	(-2.354977e-03 1.120136e+01 -1.536279e-02)	(-1.993553e-03 1.121022e+01 -1.592270e-02)	(-3.614245e-04 -8.856071e-03 5.599102e-04)
33.625        	(-2.408947e-03 1.119776e+01 -1.547626e-02)	(-2.047183e-03 1.120663e+01 -1.603610e-02)	(-3.617634e-04 -8.868873e-03 5.598332e-04)
33.65         	(-2.323721e-03 1.119426e+01 -1.533809e-02)	(-1.961979e-03 1.120314e+01 -1.589835e-02)	(-3.617424e-04 -8.881729e-03 5.602605e-04)
33.675        	(-2.469128e-03 1.119081e+01 -1.557667e-02)	(-2.106830e-03 1.119970e+01 -1.613689e-02)	(-3.622980e-04 -8.894419e-03 5.602221e-04)
33.7          	(-2.298907e-03 1.118723e+01 -1.540038e-02)	(-1.936698e-03 1.119614e+01 -1.596068e-02)	(-3.622096e-04 -8.907113e-03 5.603082e-04)
33.725        	(-2.453185e-03 1.118380e+01 -1.554875e-02)	(-2.090625e-03 1.119272e+01 -1.610920e-02)	(-3.625605e-04 -8.919819e-03 5.604477e-04)
33.75         	(-2.294080e-03 1.118024e+01 -1.535906e-02)	(-1.931666e-03 1.118917e+01 -1.592036e-02)	(-3.624139e-04 -8.932522e-03 5.613082e-04)
33.775        	(-2.441828e-03 1.117681e+01 -1.554660e-02)	(-2.079106e-03 1.118575e+01 -1.610823e-02)	(-3.627218e-04 -8.945072e-03 5.616327e-04)
33.8          	(-2.372258e-03 1.117333e+01 -1.557128e-02)	(-2.009260e-03 1.118229e+01 -1.613274e-02)	(-3.629980e-04 -8.957404e-03 5.614647e-04)
33.825        	(-2.357212e-03 1.116991e+01 -1.532169e-02)	(-1.994240e-03 1.117887e+01 -1.588372e-02)	(-3.629725e-04 -8.969498e-03 5.620342e-04)
33.85         	(-2.399324e-03 1.116651e+01 -1.550548e-02)	(-2.036213e-03 1.117549e+01 -1.606789e-02)	(-3.631111e-04 -8.981521e-03 5.624167e-04)
33.875        	(-2.419777e-03 1.116311e+01 -1.569837e-02)	(-2.056279e-03 1.117210e+01 -1.626030e-02)	(-3.634987e-04 -8.993447e-03 5.619361e-04)
33.9          	(-2.342022e-03 1.115965e+01 -1.544502e-02)	(-1.978523e-03 1.116866e+01 -1.600725e-02)	(-3.634993e-04 -9.005352e-03 5.622320e-04)
33.925        	(-2.415731e-03 1.115627e+01 -1.563398e-02)	(-2.051993e-03 1.116529e+01 -1.619661e-02)	(-3.637376e-04 -9.017341e-03 5.626260e-04)
33.95         	(-2.327579e-03 1.115279e+01 -1.545737e-02)	(-1.963898e-03 1.116182e+01 -1.602063e-02)	(-3.636816e-04 -9.029272e-03 5.632670e-04)
33.975        	(-2.408374e-03 1.114939e+01 -1.558434e-02)	(-2.044497e-03 1.115844e+01 -1.614797e-02)	(-3.638764e-04 -9.040978e-03 5.636277e-04)
34            	(-2.378542e-03 1.114600e+01 -1.566196e-02)	(-2.014436e-03 1.115506e+01 -1.622539e-02)	(-3.641059e-04 -9.052400e-03 5.634277e-04)
34.025        	(-2.400466e-03 1.114258e+01 -1.566443e-02)	(-2.036122e-03 1.115164e+01 -1.622753e-02)	(-3.643436e-04 -9.063846e-03 5.630996e-04)
34.05         	(-2.396757e-03 1.113923e+01 -1.569083e-02)	(-2.032167e-03 1.114830e+01 -1.625385e-02)	(-3.645896e-04 -9.075175e-03 5.630256e-04)
34.075        	(-2.373603e-03 1.113587e+01 -1.556371e-02)	(-2.008926e-03 1.114496e+01 -1.612720e-02)	(-3.646766e-04 -9.086444e-03 5.634900e-04)
34.1          	(-2.383271e-03 1.113254e+01 -1.558284e-02)	(-2.018505e-03 1.114164e+01 -1.614702e-02)	(-3.647660e-04 -9.097616e-03 5.641880e-04)
34.125        	(-2.381246e-03 1.112918e+01 -1.564633e-02)	(-2.016368e-03 1.113829e+01 -1.621088e-02)	(-3.648781e-04 -9.108609e-03 5.645499e-04)
34.15         	(-2.399200e-03 1.112586e+01 -1.569819e-02)	(-2.034100e-03 1.113498e+01 -1.626276e-02)	(-3.651003e-04 -9.119413e-03 5.645758e-04)
34.175        	(-2.396949e-03 1.112257e+01 -1.568346e-02)	(-2.031598e-03 1.113170e+01 -1.624819e-02)	(-3.653506e-04 -9.129994e-03 5.647283e-04)
34.2          	(-2.368399e-03 1.111919e+01 -1.567260e-02)	(-2.002992e-03 1.112833e+01 -1.623758e-02)	(-3.654064e-04 -9.140572e-03 5.649816e-04)
34.225        	(-2.391086e-03 1.111588e+01 -1.571960e-02)	(-2.025552e-03 1.112504e+01 -1.628475e-02)	(-3.655338e-04 -9.151196e-03 5.651449e-04)
34.25         	(-2.402879e-03 1.111256e+01 -1.579756e-02)	(-2.037092e-03 1.112172e+01 -1.636267e-02)	(-3.657864e-04 -9.161595e-03 5.651061e-04)
34.275        	(-2.371839e-03 1.110929e+01 -1.560931e-02)	(-2.005995e-03 1.111846e+01 -1.617460e-02)	(-3.658441e-04 -9.171660e-03 5.652903e-04)
34.3          	(-2.424587e-03 1.110604e+01 -1.581571e-02)	(-2.058473e-03 1.111522e+01 -1.638087e-02)	(-3.661147e-04 -9.181614e-03 5.651572e-04)
34.325        	(-2.366099e-03 1.110275e+01 -1.569465e-02)	(-1.999918e-03 1.111195e+01 -1.626002e-02)	(-3.661811e-04 -9.191506e-03 5.653634e-04)
34.35         	(-2.415022e-03 1.109951e+01 -1.584844e-02)	(-2.048607e-03 1.110872e+01 -1.641406e-02)	(-3.664155e-04 -9.201283e-03 5.656230e-04)
34.375        	(-2.377605e-03 1.109627e+01 -1.568802e-02)	(-2.011080e-03 1.110548e+01 -1.625395e-02)	(-3.665247e-04 -9.210877e-03 5.659305e-04)
34.4          	(-2.390290e-03 1.109310e+01 -1.581373e-02)	(-2.023630e-03 1.110232e+01 -1.638008e-02)	(-3.666595e-04 -9.220278e-03 5.663465e-04)
34.425        	(-2.354240e-03 1.108986e+01 -1.564439e-02)	(-1.987583e-03 1.109909e+01 -1.621162e-02)	(-3.666566e-04 -9.229616e-03 5.672304e-04)
34.45         	(-2.404939e-03 1.108666e+01 -1.581078e-02)	(-2.038092e-03 1.109590e+01 -1.637829e-02)	(-3.668474e-04 -9.238706e-03 5.675127e-04)
34.475        	(-2.363301e-03 1.108348e+01 -1.574422e-02)	(-1.996353e-03 1.109273e+01 -1.631190e-02)	(-3.669477e-04 -9.247603e-03 5.676772e-04)
34.5          	(-2.412233e-03 1.108029e+01 -1.583045e-02)	(-2.045030e-03 1.108954e+01 -1.639821e-02)	(-3.672034e-04 -9.256396e-03 5.677649e-04)
34.525        	(-2.361619e-03 1.107712e+01 -1.577579e-02)	(-1.994334e-03 1.108639e+01 -1.634381e-02)	(-3.672855e-04 -9.265073e-03 5.680236e-04)
34.55         	(-2.417719e-03 1.107398e+01 -1.586324e-02)	(-2.050168e-03 1.108325e+01 -1.643135e-02)	(-3.675510e-04 -9.273490e-03 5.681167e-04)
34.575        	(-2.393279e-03 1.107081e+01 -1.589023e-02)	(-2.025482e-03 1.108009e+01 -1.645834e-02)	(-3.677976e-04 -9.281783e-03 5.681065e-04)
34.6          	(-2.402229e-03 1.106769e+01 -1.578856e-02)	(-2.034246e-03 1.107698e+01 -1.635701e-02)	(-3.679824e-04 -9.289878e-03 5.684516e-04)
34.625        	(-2.385166e-03 1.106456e+01 -1.588456e-02)	(-2.017091e-03 1.107386e+01 -1.645316e-02)	(-3.680750e-04 -9.297828e-03 5.686051e-04)
34.65         	(-2.411650e-03 1.106145e+01 -1.584513e-02)	(-2.043408e-03 1.107075e+01 -1.641366e-02)	(-3.682424e-04 -9.305624e-03 5.685272e-04)
34.675        	(-2.393174e-03 1.105837e+01 -1.591005e-02)	(-2.024795e-03 1.106769e+01 -1.647849e-02)	(-3.683791e-04 -9.313216e-03 5.684349e-04)
34.7          	(-2.385100e-03 1.105526e+01 -1.590692e-02)	(-2.016621e-03 1.106458e+01 -1.647581e-02)	(-3.684795e-04 -9.320713e-03 5.688845e-04)
34.725        	(-2.400035e-03 1.105216e+01 -1.582116e-02)	(-2.031417e-03 1.106149e+01 -1.639041e-02)	(-3.686180e-04 -9.327996e-03 5.692514e-04)
34.75         	(-2.435120e-03 1.104906e+01 -1.609714e-02)	(-2.066153e-03 1.105840e+01 -1.666583e-02)	(-3.689668e-04 -9.335155e-03 5.686916e-04)
34.775        	(-2.363405e-03 1.104601e+01 -1.592930e-02)	(-1.994419e-03 1.105535e+01 -1.649791e-02)	(-3.689860e-04 -9.342191e-03 5.686133e-04)
34.8          	(-2.453153e-03 1.104299e+01 -1.608597e-02)	(-2.083817e-03 1.105234e+01 -1.665457e-02)	(-3.693361e-04 -9.348983e-03 5.686047e-04)
34.825        	(-2.371189e-03 1.103982e+01 -1.602358e-02)	(-2.001758e-03 1.104918e+01 -1.659213e-02)	(-3.694316e-04 -9.355808e-03 5.685517e-04)
34.85         	(-2.431383e-03 1.103692e+01 -1.598588e-02)	(-2.061725e-03 1.104628e+01 -1.655478e-02)	(-3.696583e-04 -9.362235e-03 5.688970e-04)
34.875        	(-2.383815e-03 1.103383e+01 -1.600291e-02)	(-2.014056e-03 1.104320e+01 -1.657222e-02)	(-3.697591e-04 -9.368588e-03 5.693077e-04)
34.9          	(-2.393792e-03 1.103080e+01 -1.594478e-02)	(-2.023988e-03 1.104018e+01 -1.651448e-02)	(-3.698045e-04 -9.374842e-03 5.697018e-04)
34.925        	(-2.393109e-03 1.102780e+01 -1.597682e-02)	(-2.023208e-03 1.103718e+01 -1.654694e-02)	(-3.699009e-04 -9.380887e-03 5.701205e-04)
34.95         	(-2.394335e-03 1.102486e+01 -1.605866e-02)	(-2.024322e-03 1.103424e+01 -1.662893e-02)	(-3.700132e-04 -9.386683e-03 5.702703e-04)
34.975        	(-2.452867e-03 1.102188e+01 -1.621594e-02)	(-2.082419e-03 1.103127e+01 -1.678579e-02)	(-3.704476e-04 -9.392288e-03 5.698432e-04)
35            	(-2.401144e-03 1.101894e+01 -1.608292e-02)	(-2.030461e-03 1.102833e+01 -1.665273e-02)	(-3.706824e-04 -9.397699e-03 5.698109e-04)
35.025        	(-2.415213e-03 1.101605e+01 -1.603375e-02)	(-2.044372e-03 1.102545e+01 -1.660412e-02)	(-3.708415e-04 -9.402841e-03 5.703725e-04)
35.05         	(-2.397930e-03 1.101316e+01 -1.606179e-02)	(-2.026964e-03 1.102256e+01 -1.663295e-02)	(-3.709665e-04 -9.407782e-03 5.711578e-04)
35.075        	(-2.391028e-03 1.101020e+01 -1.600959e-02)	(-2.020005e-03 1.101961e+01 -1.658143e-02)	(-3.710232e-04 -9.412614e-03 5.718395e-04)
35.1          	(-2.390279e-03 1.100734e+01 -1.607252e-02)	(-2.019189e-03 1.101676e+01 -1.664489e-02)	(-3.710906e-04 -9.417255e-03 5.723706e-04)
35.125        	(-2.398038e-03 1.100442e+01 -1.602298e-02)	(-2.026826e-03 1.101385e+01 -1.659578e-02)	(-3.712128e-04 -9.421684e-03 5.728027e-04)
35.15         	(-2.385965e-03 1.100162e+01 -1.611108e-02)	(-2.014626e-03 1.101105e+01 -1.668416e-02)	(-3.713385e-04 -9.425875e-03 5.730859e-04)
35.175        	(-2.405654e-03 1.099868e+01 -1.603582e-02)	(-2.034150e-03 1.100810e+01 -1.660935e-02)	(-3.715048e-04 -9.429930e-03 5.735284e-04)
35.2          	(-2.373020e-03 1.099589e+01 -1.614679e-02)	(-2.001463e-03 1.100533e+01 -1.672064e-02)	(-3.715574e-04 -9.433805e-03 5.738522e-04)
35.225        	(-2.424672e-03 1.099303e+01 -1.616766e-02)	(-2.052842e-03 1.100246e+01 -1.674166e-02)	(-3.718302e-04 -9.437487e-03 5.740023e-04)
35.25         	(-2.404883e-03 1.099021e+01 -1.619004e-02)	(-2.032793e-03 1.099965e+01 -1.676416e-02)	(-3.720901e-04 -9.440964e-03 5.741235e-04)
35.275        	(-2.400099e-03 1.098743e+01 -1.610594e-02)	(-2.027854e-03 1.099687e+01 -1.668044e-02)	(-3.722443e-04 -9.444157e-03 5.745046e-04)
35.3          	(-2.398582e-03 1.098460e+01 -1.615881e-02)	(-2.026214e-03 1.099405e+01 -1.673368e-02)	(-3.723678e-04 -9.447238e-03 5.748666e-04)
35.325        	(-2.404089e-03 1.098184e+01 -1.616711e-02)	(-2.031565e-03 1.099130e+01 -1.674218e-02)	(-3.725241e-04 -9.450103e-03 5.750677e-04)
35.35         	(-2.395171e-03 1.097906e+01 -1.615399e-02)	(-2.022529e-03 1.098851e+01 -1.672950e-02)	(-3.726411e-04 -9.452793e-03 5.755177e-04)
35.375        	(-2.393523e-03 1.097631e+01 -1.611689e-02)	(-2.020797e-03 1.098576e+01 -1.669326e-02)	(-3.727254e-04 -9.455242e-03 5.763706e-04)
35.4          	(-2.436193e-03 1.097355e+01 -1.626185e-02)	(-2.063203e-03 1.098301e+01 -1.683852e-02)	(-3.729898e-04 -9.457423e-03 5.766672e-04)
35.425        	(-2.414379e-03 1.097086e+01 -1.623362e-02)	(-2.041208e-03 1.098032e+01 -1.680997e-02)	(-3.731709e-04 -9.459378e-03 5.763539e-04)
35.45         	(-2.424977e-03 1.096813e+01 -1.633048e-02)	(-2.051597e-03 1.097759e+01 -1.690654e-02)	(-3.733802e-04 -9.461211e-03 5.760567e-04)
35.475        	(-2.398561e-03 1.096539e+01 -1.621535e-02)	(-2.025074e-03 1.097485e+01 -1.679174e-02)	(-3.734869e-04 -9.462914e-03 5.763843e-04)
35.5          	(-2.410147e-03 1.096268e+01 -1.628772e-02)	(-2.036544e-03 1.097215e+01 -1.686442e-02)	(-3.736022e-04 -9.464445e-03 5.767009e-04)
35.525        	(-2.396186e-03 1.095999e+01 -1.626084e-02)	(-2.022503e-03 1.096946e+01 -1.683783e-02)	(-3.736823e-04 -9.465798e-03 5.769895e-04)
35.55         	(-2.441761e-03 1.095730e+01 -1.638705e-02)	(-2.067782e-03 1.096677e+01 -1.696402e-02)	(-3.739795e-04 -9.466964e-03 5.769701e-04)
35.575        	(-2.424986e-03 1.095463e+01 -1.638255e-02)	(-2.050723e-03 1.096409e+01 -1.695942e-02)	(-3.742626e-04 -9.467961e-03 5.768722e-04)
35.6          	(-2.440311e-03 1.095197e+01 -1.635608e-02)	(-2.065792e-03 1.096144e+01 -1.693293e-02)	(-3.745186e-04 -9.468716e-03 5.768506e-04)
35.625        	(-2.388291e-03 1.094942e+01 -1.637964e-02)	(-2.013707e-03 1.095889e+01 -1.695695e-02)	(-3.745845e-04 -9.469266e-03 5.773086e-04)
35.65         	(-2.447197e-03 1.094673e+01 -1.630527e-02)	(-2.072373e-03 1.095620e+01 -1.688315e-02)	(-3.748240e-04 -9.469641e-03 5.778850e-04)
35.675        	(-2.378892e-03 1.094419e+01 -1.635726e-02)	(-2.004032e-03 1.095366e+01 -1.693573e-02)	(-3.748595e-04 -9.469806e-03 5.784712e-04)
35.7          	(-2.433842e-03 1.094155e+01 -1.627429e-02)	(-2.058828e-03 1.095102e+01 -1.685344e-02)	(-3.750145e-04 -9.469765e-03 5.791506e-04)
35.725        	(-2.370428e-03 1.093902e+01 -1.630988e-02)	(-1.995428e-03 1.094849e+01 -1.688964e-02)	(-3.749998e-04 -9.469549e-03 5.797591e-04)
35.75         	(-2.429006e-03 1.093645e+01 -1.633681e-02)	(-2.053824e-03 1.094591e+01 -1.691702e-02)	(-3.751816e-04 -9.469112e-03 5.802067e-04)
35.775        	(-2.397783e-03 1.093387e+01 -1.639828e-02)	(-2.022456e-03 1.094334e+01 -1.697872e-02)	(-3.753278e-04 -9.468535e-03 5.804339e-04)
35.8          	(-2.423370e-03 1.093133e+01 -1.641146e-02)	(-2.047847e-03 1.094080e+01 -1.699209e-02)	(-3.755229e-04 -9.467770e-03 5.806280e-04)
35.825        	(-2.412446e-03 1.092877e+01 -1.644911e-02)	(-2.036738e-03 1.093824e+01 -1.702992e-02)	(-3.757076e-04 -9.466837e-03 5.808094e-04)
35.85         	(-2.400291e-03 1.092622e+01 -1.635620e-02)	(-2.024503e-03 1.093568e+01 -1.693752e-02)	(-3.757886e-04 -9.465757e-03 5.813235e-04)
35.875        	(-2.427731e-03 1.092370e+01 -1.647062e-02)	(-2.051739e-03 1.093317e+01 -1.705225e-02)	(-3.759920e-04 -9.464473e-03 5.816285e-04)
35.9          	(-2.394001e-03 1.092119e+01 -1.633961e-02)	(-2.017928e-03 1.093065e+01 -1.692179e-02)	(-3.760725e-04 -9.463045e-03 5.821788e-04)
35.925        	(-2.448572e-03 1.091882e+01 -1.654296e-02)	(-2.072209e-03 1.092828e+01 -1.712528e-02)	(-3.763634e-04 -9.461231e-03 5.823182e-04)
35.95         	(-2.454050e-03 1.091630e+01 -1.660785e-02)	(-2.077281e-03 1.092576e+01 -1.718983e-02)	(-3.767696e-04 -9.459298e-03 5.819852e-04)
35.975        	(-2.443516e-03 1.091388e+01 -1.658294e-02)	(-2.066438e-03 1.092333e+01 -1.716479e-02)	(-3.770783e-04 -9.457174e-03 5.818522e-04)
36            	(-2.411319e-03 1.091146e+01 -1.646960e-02)	(-2.034159e-03 1.092092e+01 -1.705199e-02)	(-3.771599e-04 -9.454834e-03 5.823884e-04)
36.025        	(-2.418443e-03 1.090901e+01 -1.650795e-02)	(-2.041232e-03 1.091846e+01 -1.709100e-02)	(-3.772113e-04 -9.452377e-03 5.830491e-04)
36.05         	(-2.402980e-03 1.090657e+01 -1.645326e-02)	(-2.025750e-03 1.091602e+01 -1.703700e-02)	(-3.772309e-04 -9.449789e-03 5.837424e-04)
36.075        	(-2.418642e-03 1.090416e+01 -1.651402e-02)	(-2.041313e-03 1.091361e+01 -1.709825e-02)	(-3.773290e-04 -9.447001e-03 5.842296e-04)
36.1          	(-2.444956e-03 1.090177e+01 -1.657703e-02)	(-2.067343e-03 1.091122e+01 -1.716141e-02)	(-3.776131e-04 -9.443990e-03 5.843813e-04)
36.125        	(-2.445467e-03 1.089937e+01 -1.662460e-02)	(-2.067538e-03 1.090881e+01 -1.720896e-02)	(-3.779289e-04 -9.440855e-03 5.843589e-04)
36.15         	(-2.409561e-03 1.089704e+01 -1.653475e-02)	(-2.031548e-03 1.090647e+01 -1.711951e-02)	(-3.780133e-04 -9.437507e-03 5.847622e-04)
36.175        	(-2.433682e-03 1.089466e+01 -1.660010e-02)	(-2.055541e-03 1.090410e+01 -1.718536e-02)	(-3.781410e-04 -9.433982e-03 5.852601e-04)
36.2          	(-2.401256e-03 1.089232e+01 -1.652841e-02)	(-2.023082e-03 1.090175e+01 -1.711427e-02)	(-3.781738e-04 -9.430276e-03 5.858593e-04)
36.225        	(-2.430587e-03 1.088994e+01 -1.660987e-02)	(-2.052279e-03 1.089936e+01 -1.719617e-02)	(-3.783084e-04 -9.426472e-03 5.863007e-04)
36.25         	(-2.423138e-03 1.088762e+01 -1.664527e-02)	(-2.044663e-03 1.089704e+01 -1.723179e-02)	(-3.784752e-04 -9.422511e-03 5.865156e-04)
36.275        	(-2.448998e-03 1.088525e+01 -1.659967e-02)	(-2.070296e-03 1.089467e+01 -1.718640e-02)	(-3.787024e-04 -9.418382e-03 5.867228e-04)
36.3          	(-2.410378e-03 1.088300e+01 -1.666221e-02)	(-2.031574e-03 1.089242e+01 -1.724933e-02)	(-3.788043e-04 -9.414048e-03 5.871177e-04)
36.325        	(-2.441831e-03 1.088072e+01 -1.666691e-02)	(-2.062827e-03 1.089013e+01 -1.725438e-02)	(-3.790044e-04 -9.409503e-03 5.874683e-04)
36.35         	(-2.463125e-03 1.087843e+01 -1.677122e-02)	(-2.083800e-03 1.088784e+01 -1.735860e-02)	(-3.793250e-04 -9.404779e-03 5.873807e-04)
36.375        	(-2.465039e-03 1.087611e+01 -1.680407e-02)	(-2.085389e-03 1.088551e+01 -1.739125e-02)	(-3.796491e-04 -9.399980e-03 5.871738e-04)
36.4          	(-2.424277e-03 1.087396e+01 -1.673142e-02)	(-2.044490e-03 1.088335e+01 -1.731898e-02)	(-3.797869e-04 -9.394944e-03 5.875611e-04)
36.425        	(-2.438974e-03 1.087171e+01 -1.672782e-02)	(-2.059060e-03 1.088110e+01 -1.731604e-02)	(-3.799138e-04 -9.389743e-03 5.882196e-04)
36.45         	(-2.429466e-03 1.086949e+01 -1.671939e-02)	(-2.049440e-03 1.087888e+01 -1.730824e-02)	(-3.800260e-04 -9.384350e-03 5.888566e-04)
36.475        	(-2.440378e-03 1.086727e+01 -1.676290e-02)	(-2.060194e-03 1.087665e+01 -1.735220e-02)	(-3.801838e-04 -9.378783e-03 5.892989e-04)
36.5          	(-2.434220e-03 1.086504e+01 -1.673679e-02)	(-2.053884e-03 1.087442e+01 -1.732654e-02)	(-3.803359e-04 -9.373124e-03 5.897489e-04)
36.525        	(-2.428405e-03 1.086287e+01 -1.671993e-02)	(-2.047969e-03 1.087224e+01 -1.731028e-02)	(-3.804362e-04 -9.367306e-03 5.903532e-04)
36.55         	(-2.431813e-03 1.086068e+01 -1.674572e-02)	(-2.051266e-03 1.087004e+01 -1.733661e-02)	(-3.805472e-04 -9.361326e-03 5.908934e-04)
36.575        	(-2.426815e-03 1.085850e+01 -1.673476e-02)	(-2.046165e-03 1.086785e+01 -1.732619e-02)	(-3.806506e-04 -9.355172e-03 5.914250e-04)
36.6          	(-2.439088e-03 1.085635e+01 -1.676518e-02)	(-2.058279e-03 1.086570e+01 -1.735707e-02)	(-3.808097e-04 -9.348854e-03 5.918964e-04)
36.625        	(-2.429356e-03 1.085419e+01 -1.678231e-02)	(-2.048415e-03 1.086354e+01 -1.737464e-02)	(-3.809408e-04 -9.342393e-03 5.923227e-04)
36.65         	(-2.452758e-03 1.085208e+01 -1.686331e-02)	(-2.071588e-03 1.086142e+01 -1.745583e-02)	(-3.811705e-04 -9.335758e-03 5.925231e-04)
36.675        	(-2.466233e-03 1.084992e+01 -1.695170e-02)	(-2.084729e-03 1.085925e+01 -1.754413e-02)	(-3.815038e-04 -9.329039e-03 5.924344e-04)
36.7          	(-2.456187e-03 1.084780e+01 -1.688302e-02)	(-2.074420e-03 1.085713e+01 -1.747564e-02)	(-3.817676e-04 -9.322181e-03 5.926274e-04)
36.725        	(-2.433476e-03 1.084573e+01 -1.682872e-02)	(-2.051616e-03 1.085504e+01 -1.742204e-02)	(-3.818599e-04 -9.315114e-03 5.933176e-04)
36.75         	(-2.445365e-03 1.084363e+01 -1.686168e-02)	(-2.063395e-03 1.085294e+01 -1.745569e-02)	(-3.819699e-04 -9.307909e-03 5.940102e-04)
36.775        	(-2.427740e-03 1.084153e+01 -1.687379e-02)	(-2.045710e-03 1.085083e+01 -1.746829e-02)	(-3.820303e-04 -9.300615e-03 5.945043e-04)
36.8          	(-2.449158e-03 1.083943e+01 -1.688193e-02)	(-2.066979e-03 1.084872e+01 -1.747688e-02)	(-3.821795e-04 -9.293214e-03 5.949559e-04)
36.825        	(-2.433989e-03 1.083734e+01 -1.689282e-02)	(-2.051683e-03 1.084663e+01 -1.748820e-02)	(-3.823061e-04 -9.285718e-03 5.953797e-04)
36.85         	(-2.448201e-03 1.083529e+01 -1.687969e-02)	(-2.065731e-03 1.084457e+01 -1.747561e-02)	(-3.824702e-04 -9.278060e-03 5.959192e-04)
36.875        	(-2.444310e-03 1.083323e+01 -1.692793e-02)	(-2.061672e-03 1.084250e+01 -1.752431e-02)	(-3.826380e-04 -9.270270e-03 5.963797e-04)
36.9          	(-2.446107e-03 1.083123e+01 -1.690849e-02)	(-2.063313e-03 1.084049e+01 -1.750533e-02)	(-3.827939e-04 -9.262346e-03 5.968410e-04)
36.925        	(-2.455504e-03 1.082918e+01 -1.699457e-02)	(-2.072507e-03 1.083844e+01 -1.759170e-02)	(-3.829964e-04 -9.254291e-03 5.971306e-04)
36.95         	(-2.452673e-03 1.082719e+01 -1.696569e-02)	(-2.069487e-03 1.083644e+01 -1.756320e-02)	(-3.831860e-04 -9.246077e-03 5.975091e-04)
36.975        	(-2.445990e-03 1.082518e+01 -1.695804e-02)	(-2.062662e-03 1.083442e+01 -1.755606e-02)	(-3.833287e-04 -9.237750e-03 5.980111e-04)
37            	(-2.442467e-03 1.082319e+01 -1.695033e-02)	(-2.059035e-03 1.083242e+01 -1.754892e-02)	(-3.834320e-04 -9.229323e-03 5.985913e-04)
37.025        	(-2.445531e-03 1.082127e+01 -1.692063e-02)	(-2.061981e-03 1.083049e+01 -1.751995e-02)	(-3.835497e-04 -9.220656e-03 5.993154e-04)
37.05         	(-2.461830e-03 1.081930e+01 -1.706739e-02)	(-2.078066e-03 1.082851e+01 -1.766696e-02)	(-3.837639e-04 -9.211819e-03 5.995706e-04)
37.075        	(-2.456854e-03 1.081732e+01 -1.705647e-02)	(-2.072875e-03 1.082652e+01 -1.765617e-02)	(-3.839785e-04 -9.202953e-03 5.996994e-04)
37.1          	(-2.467327e-03 1.081534e+01 -1.709876e-02)	(-2.083111e-03 1.082453e+01 -1.769868e-02)	(-3.842160e-04 -9.194087e-03 5.999117e-04)
37.125        	(-2.452147e-03 1.081343e+01 -1.702588e-02)	(-2.067770e-03 1.082261e+01 -1.762631e-02)	(-3.843770e-04 -9.185022e-03 6.004356e-04)
37.15         	(-2.460250e-03 1.081145e+01 -1.710464e-02)	(-2.075713e-03 1.082062e+01 -1.770554e-02)	(-3.845366e-04 -9.175878e-03 6.008971e-04)
37.175        	(-2.456323e-03 1.080956e+01 -1.710265e-02)	(-2.071634e-03 1.081873e+01 -1.770395e-02)	(-3.846892e-04 -9.166613e-03 6.013023e-04)
37.2          	(-2.464507e-03 1.080760e+01 -1.713018e-02)	(-2.079625e-03 1.081676e+01 -1.773186e-02)	(-3.848820e-04 -9.157262e-03 6.016780e-04)
37.225        	(-2.452024e-03 1.080571e+01 -1.707788e-02)	(-2.067007e-03 1.081486e+01 -1.768009e-02)	(-3.850167e-04 -9.147829e-03 6.022156e-04)
37.25         	(-2.458072e-03 1.080381e+01 -1.709611e-02)	(-2.072924e-03 1.081295e+01 -1.769894e-02)	(-3.851477e-04 -9.138283e-03 6.028342e-04)
37.275        	(-2.438112e-03 1.080189e+01 -1.706489e-02)	(-2.052919e-03 1.081102e+01 -1.766846e-02)	(-3.851934e-04 -9.128653e-03 6.035641e-04)
37.3          	(-2.469465e-03 1.080006e+01 -1.715361e-02)	(-2.084082e-03 1.080918e+01 -1.775764e-02)	(-3.853827e-04 -9.118854e-03 6.040377e-04)
37.325        	(-2.464245e-03 1.079818e+01 -1.717441e-02)	(-2.078642e-03 1.080729e+01 -1.777873e-02)	(-3.856025e-04 -9.108975e-03 6.043212e-04)
37.35         	(-2.482365e-03 1.079630e+01 -1.721283e-02)	(-2.096486e-03 1.080540e+01 -1.781740e-02)	(-3.858795e-04 -9.099041e-03 6.045690e-04)
37.375        	(-2.452528e-03 1.079446e+01 -1.712437e-02)	(-2.066505e-03 1.080354e+01 -1.772952e-02)	(-3.860225e-04 -9.088998e-03 6.051582e-04)
37.4          	(-2.462584e-03 1.079268e+01 -1.717807e-02)	(-2.076445e-03 1.080176e+01 -1.778384e-02)	(-3.861395e-04 -9.078789e-03 6.057659e-04)
37.425        	(-2.466347e-03 1.079087e+01 -1.719340e-02)	(-2.080048e-03 1.079993e+01 -1.779968e-02)	(-3.862983e-04 -9.068464e-03 6.062853e-04)
37.45         	(-2.468030e-03 1.078895e+01 -1.728380e-02)	(-2.081554e-03 1.079801e+01 -1.789033e-02)	(-3.864756e-04 -9.058195e-03 6.065353e-04)
37.475        	(-2.485930e-03 1.078715e+01 -1.730447e-02)	(-2.099185e-03 1.079619e+01 -1.791121e-02)	(-3.867447e-04 -9.047870e-03 6.067365e-04)
37.5          	(-2.465355e-03 1.078531e+01 -1.724408e-02)	(-2.078436e-03 1.079435e+01 -1.785131e-02)	(-3.869189e-04 -9.037496e-03 6.072244e-04)
37.525        	(-2.483244e-03 1.078353e+01 -1.728151e-02)	(-2.096119e-03 1.079256e+01 -1.788930e-02)	(-3.871247e-04 -9.026994e-03 6.077914e-04)
37.55         	(-2.477388e-03 1.078170e+01 -1.732818e-02)	(-2.090059e-03 1.079071e+01 -1.793633e-02)	(-3.873287e-04 -9.016451e-03 6.081486e-04)
37.575        	(-2.492967e-03 1.077985e+01 -1.728686e-02)	(-2.105427e-03 1.078885e+01 -1.789574e-02)	(-3.875402e-04 -9.005804e-03 6.088817e-04)
37.6          	(-2.478748e-03 1.077819e+01 -1.743300e-02)	(-2.091068e-03 1.078718e+01 -1.804203e-02)	(-3.876802e-04 -8.994945e-03 6.090375e-04)
37.625        	(-2.485337e-03 1.077639e+01 -1.738641e-02)	(-2.097499e-03 1.078538e+01 -1.799563e-02)	(-3.878389e-04 -8.984041e-03 6.092224e-04)
37.65         	(-2.487923e-03 1.077466e+01 -1.743279e-02)	(-2.099886e-03 1.078363e+01 -1.804228e-02)	(-3.880368e-04 -8.973059e-03 6.094830e-04)
37.675        	(-2.472006e-03 1.077299e+01 -1.738183e-02)	(-2.083830e-03 1.078195e+01 -1.799148e-02)	(-3.881769e-04 -8.962026e-03 6.096519e-04)
37.7          	(-2.475202e-03 1.077124e+01 -1.723348e-02)	(-2.086873e-03 1.078019e+01 -1.784423e-02)	(-3.883291e-04 -8.950889e-03 6.107474e-04)
37.725        	(-2.485709e-03 1.076954e+01 -1.737016e-02)	(-2.097188e-03 1.077848e+01 -1.798177e-02)	(-3.885213e-04 -8.939663e-03 6.116067e-04)
37.75         	(-2.463036e-03 1.076780e+01 -1.727114e-02)	(-2.074419e-03 1.077673e+01 -1.788364e-02)	(-3.886175e-04 -8.928402e-03 6.125049e-04)
37.775        	(-2.480406e-03 1.076611e+01 -1.737137e-02)	(-2.091638e-03 1.077503e+01 -1.798459e-02)	(-3.887679e-04 -8.917095e-03 6.132210e-04)
37.8          	(-2.466834e-03 1.076439e+01 -1.735194e-02)	(-2.077952e-03 1.077330e+01 -1.796579e-02)	(-3.888816e-04 -8.905750e-03 6.138425e-04)
37.825        	(-2.468525e-03 1.076270e+01 -1.731367e-02)	(-2.079560e-03 1.077159e+01 -1.792831e-02)	(-3.889648e-04 -8.894337e-03 6.146445e-04)
37.85         	(-2.466973e-03 1.076098e+01 -1.734742e-02)	(-2.077916e-03 1.076987e+01 -1.796284e-02)	(-3.890574e-04 -8.882870e-03 6.154159e-04)
37.875        	(-2.476390e-03 1.075932e+01 -1.738397e-02)	(-2.087188e-03 1.076819e+01 -1.799996e-02)	(-3.892028e-04 -8.871312e-03 6.159854e-04)
37.9          	(-2.492263e-03 1.075763e+01 -1.749163e-02)	(-2.102805e-03 1.076649e+01 -1.810782e-02)	(-3.894584e-04 -8.859721e-03 6.161900e-04)
37.925        	(-2.487912e-03 1.075597e+01 -1.747456e-02)	(-2.098217e-03 1.076482e+01 -1.809098e-02)	(-3.896954e-04 -8.848115e-03 6.164272e-04)
37.95         	(-2.516400e-03 1.075432e+01 -1.757631e-02)	(-2.126357e-03 1.076315e+01 -1.819290e-02)	(-3.900423e-04 -8.836431e-03 6.165847e-04)
37.975        	(-2.467896e-03 1.075269e+01 -1.742446e-02)	(-2.077738e-03 1.076152e+01 -1.804169e-02)	(-3.901585e-04 -8.824645e-03 6.172355e-04)
38            	(-2.508666e-03 1.075102e+01 -1.757420e-02)	(-2.118294e-03 1.075983e+01 -1.819194e-02)	(-3.903720e-04 -8.812853e-03 6.177471e-04)
38.025        	(-2.473045e-03 1.074940e+01 -1.745057e-02)	(-2.082574e-03 1.075820e+01 -1.806894e-02)	(-3.904712e-04 -8.801035e-03 6.183708e-04)
38.05         	(-2.491232e-03 1.074773e+01 -1.747582e-02)	(-2.100629e-03 1.075652e+01 -1.809500e-02)	(-3.906030e-04 -8.789126e-03 6.191818e-04)
38.075        	(-2.477003e-03 1.074612e+01 -1.750368e-02)	(-2.086281e-03 1.075490e+01 -1.812352e-02)	(-3.907217e-04 -8.777220e-03 6.198436e-04)
38.1          	(-2.491568e-03 1.074444e+01 -1.754163e-02)	(-2.100696e-03 1.075321e+01 -1.816192e-02)	(-3.908718e-04 -8.765409e-03 6.202861e-04)
38.125        	(-2.491258e-03 1.074283e+01 -1.751483e-02)	(-2.100213e-03 1.075158e+01 -1.813566e-02)	(-3.910448e-04 -8.753546e-03 6.208302e-04)
38.15         	(-2.487729e-03 1.074121e+01 -1.757025e-02)	(-2.096534e-03 1.074995e+01 -1.819157e-02)	(-3.911954e-04 -8.741598e-03 6.213148e-04)
38.175        	(-2.486593e-03 1.073958e+01 -1.750479e-02)	(-2.095251e-03 1.074831e+01 -1.812683e-02)	(-3.913424e-04 -8.729659e-03 6.220383e-04)
38.2          	(-2.517784e-03 1.073797e+01 -1.766713e-02)	(-2.126181e-03 1.074668e+01 -1.828981e-02)	(-3.916036e-04 -8.717649e-03 6.226779e-04)
38.225        	(-2.489935e-03 1.073643e+01 -1.776107e-02)	(-2.098187e-03 1.074513e+01 -1.838365e-02)	(-3.917485e-04 -8.705478e-03 6.225800e-04)
