# Force       
# CofR        : (0.000000e+00 0.000000e+00 0.000000e+00)
#
# Time        	(total_x total_y total_z)	(pressure_x pressure_y pressure_z)	(viscous_x viscous_y viscous_z)
12.025        	(2.930060e+01 4.993226e-03 1.036626e-21)	(2.923097e+01 4.597890e-03 0.000000e+00)	(6.962670e-02 3.953362e-04 1.036626e-21)
12.05         	(2.929958e+01 5.065025e-03 1.033284e-21)	(2.922954e+01 4.667247e-03 0.000000e+00)	(7.004931e-02 3.977776e-04 1.033284e-21)
12.075        	(2.930109e+01 4.986708e-03 1.030087e-21)	(2.923065e+01 4.587478e-03 0.000000e+00)	(7.044229e-02 3.992299e-04 1.030087e-21)
12.1          	(2.929722e+01 4.945747e-03 1.027167e-21)	(2.922642e+01 4.545080e-03 0.000000e+00)	(7.080438e-02 4.006671e-04 1.027167e-21)
12.125        	(2.929441e+01 4.852919e-03 1.024072e-21)	(2.922327e+01 4.450206e-03 0.000000e+00)	(7.113498e-02 4.027129e-04 1.024072e-21)
12.15         	(2.928777e+01 5.062538e-03 1.020978e-21)	(2.921634e+01 4.656653e-03 0.000000e+00)	(7.143176e-02 4.058850e-04 1.020978e-21)
12.175        	(2.928277e+01 4.716318e-03 1.017926e-21)	(2.921107e+01 4.308860e-03 0.000000e+00)	(7.170115e-02 4.074578e-04 1.017926e-21)
12.2          	(2.927076e+01 4.987684e-03 1.014986e-21)	(2.919882e+01 4.578441e-03 0.000000e+00)	(7.193950e-02 4.092436e-04 1.014986e-21)
12.225        	(2.926327e+01 4.790905e-03 1.011981e-21)	(2.919112e+01 4.379325e-03 0.000000e+00)	(7.215144e-02 4.115801e-04 1.011981e-21)
12.25         	(2.925472e+01 5.056049e-03 1.008950e-21)	(2.918238e+01 4.641260e-03 0.000000e+00)	(7.233975e-02 4.147883e-04 1.008950e-21)
12.275        	(2.924763e+01 4.840919e-03 1.005914e-21)	(2.917512e+01 4.423796e-03 0.000000e+00)	(7.250633e-02 4.171231e-04 1.005914e-21)
12.3          	(2.923720e+01 5.085975e-03 1.002794e-21)	(2.916454e+01 4.666685e-03 0.000000e+00)	(7.265658e-02 4.192894e-04 1.002794e-21)
12.325        	(2.922753e+01 4.966072e-03 9.996524e-22)	(2.915475e+01 4.544662e-03 0.000000e+00)	(7.278560e-02 4.214103e-04 9.996524e-22)
12.35         	(2.921626e+01 5.100746e-03 9.966281e-22)	(2.914338e+01 4.676675e-03 0.000000e+00)	(7.288210e-02 4.240705e-04 9.966281e-22)
12.375        	(2.920305e+01 4.922246e-03 9.936340e-22)	(2.913010e+01 4.496255e-03 0.000000e+00)	(7.294597e-02 4.259910e-04 9.936340e-22)
12.4          	(2.919144e+01 5.042548e-03 9.907478e-22)	(2.911846e+01 4.614493e-03 0.000000e+00)	(7.298480e-02 4.280550e-04 9.907478e-22)
12.425        	(2.917421e+01 4.715722e-03 9.880553e-22)	(2.910121e+01 4.286817e-03 0.000000e+00)	(7.299263e-02 4.289046e-04 9.880553e-22)
12.45         	(2.915932e+01 5.048077e-03 9.852635e-22)	(2.908635e+01 4.617020e-03 0.000000e+00)	(7.297473e-02 4.310572e-04 9.852635e-22)
12.475        	(2.914390e+01 4.958965e-03 9.825726e-22)	(2.907097e+01 4.525505e-03 0.000000e+00)	(7.293218e-02 4.334599e-04 9.825726e-22)
12.5          	(2.912997e+01 4.983236e-03 9.799516e-22)	(2.905711e+01 4.547718e-03 0.000000e+00)	(7.286691e-02 4.355179e-04 9.799516e-22)
12.525        	(2.911347e+01 4.876898e-03 9.774240e-22)	(2.904069e+01 4.439957e-03 0.000000e+00)	(7.277731e-02 4.369410e-04 9.774240e-22)
12.55         	(2.909682e+01 5.187868e-03 9.749310e-22)	(2.902416e+01 4.747656e-03 0.000000e+00)	(7.266181e-02 4.402122e-04 9.749310e-22)
12.575        	(2.907948e+01 4.977442e-03 9.719975e-22)	(2.900696e+01 4.534410e-03 0.000000e+00)	(7.252109e-02 4.430317e-04 9.719975e-22)
12.6          	(2.906165e+01 5.103097e-03 9.677086e-22)	(2.898929e+01 4.657487e-03 0.000000e+00)	(7.235830e-02 4.456103e-04 9.677086e-22)
12.625        	(2.904180e+01 4.872179e-03 9.637370e-22)	(2.896963e+01 4.425094e-03 0.000000e+00)	(7.217325e-02 4.470843e-04 9.637370e-22)
12.65         	(2.902337e+01 5.071047e-03 9.599846e-22)	(2.895140e+01 4.621779e-03 0.000000e+00)	(7.196860e-02 4.492675e-04 9.599846e-22)
12.675        	(2.900148e+01 4.747632e-03 9.564803e-22)	(2.892975e+01 4.297374e-03 0.000000e+00)	(7.173790e-02 4.502577e-04 9.564803e-22)
12.7          	(2.897675e+01 5.119786e-03 9.533315e-22)	(2.890527e+01 4.666985e-03 0.000000e+00)	(7.147779e-02 4.528005e-04 9.533315e-22)
12.725        	(2.895703e+01 4.872889e-03 9.504230e-22)	(2.888583e+01 4.418240e-03 0.000000e+00)	(7.119904e-02 4.546486e-04 9.504230e-22)
12.75         	(2.893565e+01 5.064496e-03 9.477719e-22)	(2.886474e+01 4.607716e-03 0.000000e+00)	(7.090288e-02 4.567795e-04 9.477719e-22)
12.775        	(2.891411e+01 4.845057e-03 9.460467e-22)	(2.884352e+01 4.386904e-03 0.000000e+00)	(7.058871e-02 4.581528e-04 9.460467e-22)
12.8          	(2.889068e+01 5.057299e-03 9.450732e-22)	(2.882042e+01 4.596889e-03 0.000000e+00)	(7.025508e-02 4.604095e-04 9.450732e-22)
12.825        	(2.886748e+01 4.954707e-03 9.440896e-22)	(2.879758e+01 4.492132e-03 0.000000e+00)	(6.990098e-02 4.625753e-04 9.440896e-22)
12.85         	(2.884464e+01 5.058237e-03 9.431126e-22)	(2.877511e+01 4.592641e-03 0.000000e+00)	(6.952774e-02 4.655959e-04 9.431126e-22)
12.875        	(2.881886e+01 4.974089e-03 9.422139e-22)	(2.874973e+01 4.505571e-03 0.000000e+00)	(6.913257e-02 4.685176e-04 9.422139e-22)
12.9          	(2.879437e+01 5.069881e-03 9.413280e-22)	(2.872565e+01 4.598264e-03 0.000000e+00)	(6.871889e-02 4.716169e-04 9.413280e-22)
12.925        	(2.876872e+01 4.843213e-03 9.404333e-22)	(2.870043e+01 4.369664e-03 0.000000e+00)	(6.828787e-02 4.735487e-04 9.404333e-22)
12.95         	(2.874241e+01 5.071218e-03 9.395927e-22)	(2.867458e+01 4.594885e-03 0.000000e+00)	(6.783614e-02 4.763330e-04 9.395927e-22)
12.975        	(2.871401e+01 4.759050e-03 9.387853e-22)	(2.864665e+01 4.281437e-03 0.000000e+00)	(6.736234e-02 4.776132e-04 9.387853e-22)
13            	(2.868654e+01 5.214307e-03 9.379234e-22)	(2.861967e+01 4.733364e-03 0.000000e+00)	(6.686985e-02 4.809428e-04 9.379234e-22)
13.025        	(2.865977e+01 4.644767e-03 9.368998e-22)	(2.859340e+01 4.163012e-03 0.000000e+00)	(6.636199e-02 4.817554e-04 9.368998e-22)
13.05         	(2.863124e+01 5.128188e-03 9.359157e-22)	(2.856540e+01 4.644125e-03 0.000000e+00)	(6.583746e-02 4.840635e-04 9.359157e-22)
13.075        	(2.860405e+01 4.848116e-03 9.348862e-22)	(2.853875e+01 4.362204e-03 0.000000e+00)	(6.529721e-02 4.859124e-04 9.348862e-22)
13.1          	(2.857685e+01 5.023931e-03 9.386674e-22)	(2.851210e+01 4.536050e-03 0.000000e+00)	(6.474425e-02 4.878812e-04 9.386674e-22)
13.125        	(2.854705e+01 4.853120e-03 9.497875e-22)	(2.848287e+01 4.362749e-03 0.000000e+00)	(6.417589e-02 4.903706e-04 9.497875e-22)
13.15         	(2.851730e+01 5.057882e-03 9.602156e-22)	(2.845371e+01 4.564836e-03 0.000000e+00)	(6.358662e-02 4.930463e-04 9.602156e-22)
13.175        	(2.848840e+01 4.932209e-03 9.698856e-22)	(2.842542e+01 4.437083e-03 0.000000e+00)	(6.298487e-02 4.951260e-04 9.698856e-22)
13.2          	(2.845819e+01 4.981202e-03 9.787641e-22)	(2.839582e+01 4.483820e-03 0.000000e+00)	(6.237172e-02 4.973830e-04 9.787641e-22)
13.225        	(2.842828e+01 4.836769e-03 9.853438e-22)	(2.836654e+01 4.337774e-03 0.000000e+00)	(6.174752e-02 4.989951e-04 9.853438e-22)
13.25         	(2.839826e+01 5.022457e-03 9.908269e-22)	(2.833715e+01 4.521594e-03 0.000000e+00)	(6.111317e-02 5.008634e-04 9.908269e-22)
13.275        	(2.836693e+01 4.782611e-03 9.888795e-22)	(2.830647e+01 4.280179e-03 0.000000e+00)	(6.046195e-02 5.024315e-04 9.888795e-22)
13.3          	(2.833617e+01 5.014593e-03 9.869479e-22)	(2.827638e+01 4.509946e-03 0.000000e+00)	(5.979578e-02 5.046470e-04 9.869479e-22)
13.325        	(2.830525e+01 4.856041e-03 9.852346e-22)	(2.824614e+01 4.349632e-03 0.000000e+00)	(5.911842e-02 5.064087e-04 9.852346e-22)
13.35         	(2.827443e+01 5.083484e-03 9.837506e-22)	(2.821601e+01 4.574416e-03 0.000000e+00)	(5.842341e-02 5.090679e-04 9.837506e-22)
13.375        	(2.824271e+01 4.817758e-03 9.818384e-22)	(2.818499e+01 4.307195e-03 0.000000e+00)	(5.771784e-02 5.105626e-04 9.818384e-22)
13.4          	(2.821141e+01 5.057555e-03 9.800590e-22)	(2.815440e+01 4.544746e-03 0.000000e+00)	(5.700593e-02 5.128091e-04 9.800590e-22)
13.425        	(2.817867e+01 4.789461e-03 9.783320e-22)	(2.812239e+01 4.274602e-03 0.000000e+00)	(5.628450e-02 5.148581e-04 9.783320e-22)
13.45         	(2.814701e+01 4.985150e-03 9.766497e-22)	(2.809145e+01 4.468553e-03 0.000000e+00)	(5.555394e-02 5.165974e-04 9.766497e-22)
13.475        	(2.811456e+01 4.768046e-03 9.750251e-22)	(2.805975e+01 4.250391e-03 0.000000e+00)	(5.481364e-02 5.176545e-04 9.750251e-22)
13.5          	(2.808244e+01 4.909264e-03 9.734788e-22)	(2.802837e+01 4.389885e-03 0.000000e+00)	(5.406428e-02 5.193794e-04 9.734788e-22)
13.525        	(2.804948e+01 4.789530e-03 9.720301e-22)	(2.799617e+01 4.268717e-03 0.000000e+00)	(5.330587e-02 5.208131e-04 9.720301e-22)
13.55         	(2.801719e+01 4.911385e-03 9.705981e-22)	(2.796465e+01 4.388756e-03 0.000000e+00)	(5.253920e-02 5.226292e-04 9.705981e-22)
13.575        	(2.798473e+01 4.719908e-03 9.691630e-22)	(2.793296e+01 4.196135e-03 0.000000e+00)	(5.176506e-02 5.237731e-04 9.691630e-22)
13.6          	(2.795171e+01 4.952628e-03 9.677777e-22)	(2.790072e+01 4.426871e-03 0.000000e+00)	(5.098317e-02 5.257564e-04 9.677777e-22)
13.625        	(2.791894e+01 4.720070e-03 9.664038e-22)	(2.786875e+01 4.193065e-03 0.000000e+00)	(5.019432e-02 5.270054e-04 9.664038e-22)
13.65         	(2.788621e+01 4.859106e-03 9.650336e-22)	(2.783681e+01 4.330567e-03 0.000000e+00)	(4.939895e-02 5.285393e-04 9.650336e-22)
13.675        	(2.785298e+01 4.847813e-03 9.636921e-22)	(2.780439e+01 4.318518e-03 0.000000e+00)	(4.859254e-02 5.292948e-04 9.636921e-22)
13.7          	(2.782064e+01 4.779585e-03 9.624158e-22)	(2.777286e+01 4.249385e-03 0.000000e+00)	(4.777277e-02 5.301999e-04 9.624158e-22)
13.725        	(2.778814e+01 4.716004e-03 9.611274e-22)	(2.774120e+01 4.184964e-03 0.000000e+00)	(4.694343e-02 5.310396e-04 9.611274e-22)
13.75         	(2.775465e+01 4.822832e-03 9.599191e-22)	(2.770855e+01 4.290279e-03 0.000000e+00)	(4.610364e-02 5.325528e-04 9.599191e-22)
13.775        	(2.772251e+01 4.720991e-03 9.587400e-22)	(2.767725e+01 4.187306e-03 0.000000e+00)	(4.525859e-02 5.336849e-04 9.587400e-22)
13.8          	(2.768930e+01 4.812097e-03 9.575390e-22)	(2.764489e+01 4.276989e-03 0.000000e+00)	(4.440754e-02 5.351071e-04 9.575390e-22)
13.825        	(2.765675e+01 4.693977e-03 9.563123e-22)	(2.761320e+01 4.157841e-03 0.000000e+00)	(4.355115e-02 5.361360e-04 9.563123e-22)
13.85         	(2.762401e+01 4.705878e-03 9.551248e-22)	(2.758132e+01 4.168797e-03 0.000000e+00)	(4.268885e-02 5.370817e-04 9.551248e-22)
13.875        	(2.759069e+01 4.711571e-03 9.539993e-22)	(2.754887e+01 4.173333e-03 0.000000e+00)	(4.181998e-02 5.382382e-04 9.539993e-22)
13.9          	(2.755836e+01 4.687179e-03 9.528005e-22)	(2.751741e+01 4.147775e-03 0.000000e+00)	(4.094889e-02 5.394037e-04 9.528005e-22)
13.925        	(2.752574e+01 4.666822e-03 9.515313e-22)	(2.748566e+01 4.126282e-03 0.000000e+00)	(4.007482e-02 5.405393e-04 9.515313e-22)
13.95         	(2.749337e+01 4.672929e-03 9.502940e-22)	(2.745417e+01 4.131300e-03 0.000000e+00)	(3.919731e-02 5.416286e-04 9.502940e-22)
13.975        	(2.746111e+01 4.680578e-03 9.491224e-22)	(2.742279e+01 4.137832e-03 0.000000e+00)	(3.831667e-02 5.427462e-04 9.491224e-22)
14            	(2.742910e+01 4.615155e-03 9.480312e-22)	(2.739167e+01 4.071534e-03 0.000000e+00)	(3.743444e-02 5.436218e-04 9.480312e-22)
14.025        	(2.739765e+01 4.625450e-03 9.468547e-22)	(2.736110e+01 4.081040e-03 0.000000e+00)	(3.655002e-02 5.444093e-04 9.468547e-22)
14.05         	(2.736503e+01 4.588718e-03 9.455666e-22)	(2.732937e+01 4.043672e-03 0.000000e+00)	(3.566160e-02 5.450462e-04 9.455666e-22)
14.075        	(2.733341e+01 4.633538e-03 9.443868e-22)	(2.729864e+01 4.087461e-03 0.000000e+00)	(3.477108e-02 5.460775e-04 9.443868e-22)
14.1          	(2.730180e+01 4.559041e-03 9.432353e-22)	(2.726792e+01 4.012099e-03 0.000000e+00)	(3.387920e-02 5.469415e-04 9.432353e-22)
14.125        	(2.727016e+01 4.614355e-03 9.417463e-22)	(2.723717e+01 4.066328e-03 0.000000e+00)	(3.298628e-02 5.480266e-04 9.417463e-22)
14.15         	(2.723900e+01 4.544373e-03 9.406850e-22)	(2.720691e+01 3.995540e-03 0.000000e+00)	(3.209282e-02 5.488328e-04 9.406850e-22)
14.175        	(2.720811e+01 4.637844e-03 9.396313e-22)	(2.717691e+01 4.087854e-03 0.000000e+00)	(3.119877e-02 5.499896e-04 9.396313e-22)
14.2          	(2.717726e+01 4.445855e-03 9.386011e-22)	(2.714695e+01 3.895635e-03 0.000000e+00)	(3.030391e-02 5.502199e-04 9.386011e-22)
14.225        	(2.714649e+01 4.549857e-03 9.376004e-22)	(2.711708e+01 3.999000e-03 0.000000e+00)	(2.940920e-02 5.508573e-04 9.376004e-22)
14.25         	(2.711572e+01 4.485766e-03 9.366227e-22)	(2.708721e+01 3.934176e-03 0.000000e+00)	(2.851429e-02 5.515902e-04 9.366227e-22)
14.275        	(2.708527e+01 4.538504e-03 9.356674e-22)	(2.705765e+01 3.986135e-03 0.000000e+00)	(2.761939e-02 5.523691e-04 9.356674e-22)
14.3          	(2.705538e+01 4.438260e-03 9.347274e-22)	(2.702866e+01 3.885461e-03 0.000000e+00)	(2.672572e-02 5.527986e-04 9.347274e-22)
14.325        	(2.702507e+01 4.494456e-03 9.337935e-22)	(2.699923e+01 3.940881e-03 0.000000e+00)	(2.583267e-02 5.535744e-04 9.337935e-22)
14.35         	(2.699545e+01 4.393907e-03 9.328442e-22)	(2.697051e+01 3.840779e-03 0.000000e+00)	(2.493857e-02 5.531275e-04 9.328442e-22)
14.375        	(2.696605e+01 4.358847e-03 9.319261e-22)	(2.694201e+01 3.805559e-03 0.000000e+00)	(2.404544e-02 5.532886e-04 9.319261e-22)
14.4          	(2.693700e+01 4.520941e-03 9.309974e-22)	(2.691384e+01 3.966533e-03 0.000000e+00)	(2.315438e-02 5.544074e-04 9.309974e-22)
14.425        	(2.690854e+01 4.290584e-03 9.300742e-22)	(2.688627e+01 3.736161e-03 0.000000e+00)	(2.226596e-02 5.544229e-04 9.300742e-22)
14.45         	(2.687987e+01 4.527941e-03 9.291904e-22)	(2.685849e+01 3.972533e-03 0.000000e+00)	(2.138004e-02 5.554080e-04 9.291904e-22)
14.475        	(2.685144e+01 4.253267e-03 9.283641e-22)	(2.683094e+01 3.697776e-03 0.000000e+00)	(2.049694e-02 5.554912e-04 9.283641e-22)
14.5          	(2.682359e+01 4.477664e-03 9.275054e-22)	(2.680397e+01 3.921436e-03 0.000000e+00)	(1.961736e-02 5.562279e-04 9.275054e-22)
14.525        	(2.679532e+01 4.248073e-03 9.266404e-22)	(2.677658e+01 3.691766e-03 0.000000e+00)	(1.874050e-02 5.563072e-04 9.266404e-22)
14.55         	(2.676796e+01 4.442143e-03 9.257519e-22)	(2.675009e+01 3.885176e-03 0.000000e+00)	(1.786756e-02 5.569674e-04 9.257519e-22)
14.575        	(2.674071e+01 4.215852e-03 9.245733e-22)	(2.672371e+01 3.658871e-03 0.000000e+00)	(1.699858e-02 5.569806e-04 9.245733e-22)
14.6          	(2.671389e+01 4.357569e-03 9.234553e-22)	(2.669775e+01 3.800272e-03 0.000000e+00)	(1.613361e-02 5.572974e-04 9.234553e-22)
14.625        	(2.668668e+01 4.239705e-03 9.224554e-22)	(2.667141e+01 3.682286e-03 0.000000e+00)	(1.527213e-02 5.574188e-04 9.224554e-22)
14.65         	(2.666039e+01 4.268339e-03 9.214650e-22)	(2.664597e+01 3.710859e-03 0.000000e+00)	(1.441547e-02 5.574797e-04 9.214650e-22)
14.675        	(2.663465e+01 4.264262e-03 9.203582e-22)	(2.662108e+01 3.706545e-03 0.000000e+00)	(1.356456e-02 5.577171e-04 9.203582e-22)
14.7          	(2.660884e+01 4.173605e-03 9.193692e-22)	(2.659612e+01 3.616064e-03 0.000000e+00)	(1.271871e-02 5.575409e-04 9.193692e-22)
14.725        	(2.658287e+01 4.318303e-03 9.196829e-22)	(2.657100e+01 3.760258e-03 0.000000e+00)	(1.187720e-02 5.580448e-04 9.196829e-22)
14.75         	(2.655739e+01 4.091541e-03 9.173691e-22)	(2.654635e+01 3.533809e-03 0.000000e+00)	(1.104026e-02 5.577313e-04 9.173691e-22)
14.775        	(2.653306e+01 4.438029e-03 9.163831e-22)	(2.652285e+01 3.879260e-03 0.000000e+00)	(1.020962e-02 5.587690e-04 9.163831e-22)
14.8          	(2.650833e+01 4.024752e-03 9.153885e-22)	(2.649894e+01 3.466386e-03 0.000000e+00)	(9.384704e-03 5.583664e-04 9.153885e-22)
14.825        	(2.648366e+01 4.362118e-03 9.143081e-22)	(2.647509e+01 3.803286e-03 0.000000e+00)	(8.565086e-03 5.588322e-04 9.143081e-22)
14.85         	(2.645987e+01 4.004894e-03 9.133029e-22)	(2.645212e+01 3.446671e-03 0.000000e+00)	(7.751874e-03 5.582231e-04 9.133029e-22)
14.875        	(2.643617e+01 4.344232e-03 9.123668e-22)	(2.642922e+01 3.785469e-03 0.000000e+00)	(6.945162e-03 5.587627e-04 9.123668e-22)
14.9          	(2.641295e+01 3.971483e-03 9.114016e-22)	(2.640681e+01 3.413367e-03 0.000000e+00)	(6.145134e-03 5.581157e-04 9.114016e-22)
14.925        	(2.639038e+01 4.350705e-03 9.104847e-22)	(2.638502e+01 3.791990e-03 0.000000e+00)	(5.352657e-03 5.587144e-04 9.104847e-22)
14.95         	(2.636781e+01 3.962134e-03 9.095410e-22)	(2.636324e+01 3.404080e-03 0.000000e+00)	(4.566133e-03 5.580544e-04 9.095410e-22)
14.975        	(2.634505e+01 4.269100e-03 9.086325e-22)	(2.634127e+01 3.710816e-03 0.000000e+00)	(3.784182e-03 5.582842e-04 9.086325e-22)
15            	(2.632324e+01 3.936386e-03 9.075601e-22)	(2.632024e+01 3.378837e-03 0.000000e+00)	(3.008715e-03 5.575490e-04 9.075601e-22)
15.025        	(2.630114e+01 4.279763e-03 9.066410e-22)	(2.629890e+01 3.721797e-03 0.000000e+00)	(2.239585e-03 5.579659e-04 9.066410e-22)
15.05         	(2.627979e+01 3.897880e-03 9.044315e-22)	(2.627831e+01 3.340731e-03 0.000000e+00)	(1.477570e-03 5.571490e-04 9.044315e-22)
15.075        	(2.625881e+01 4.152598e-03 9.048894e-22)	(2.625808e+01 3.595749e-03 0.000000e+00)	(7.232029e-04 5.568489e-04 9.048894e-22)
15.1          	(2.623802e+01 3.973008e-03 9.040086e-22)	(2.623804e+01 3.416654e-03 0.000000e+00)	(-2.376126e-05 5.563546e-04 9.040086e-22)
15.125        	(2.621756e+01 4.158069e-03 9.031559e-22)	(2.621832e+01 3.601503e-03 0.000000e+00)	(-7.630093e-04 5.565655e-04 9.031559e-22)
15.15         	(2.619740e+01 3.954422e-03 9.022942e-22)	(2.619890e+01 3.398346e-03 0.000000e+00)	(-1.494594e-03 5.560762e-04 9.022942e-22)
15.175        	(2.617822e+01 4.243830e-03 9.014552e-22)	(2.618043e+01 3.687249e-03 0.000000e+00)	(-2.217540e-03 5.565810e-04 9.014552e-22)
15.2          	(2.615834e+01 3.852753e-03 9.006015e-22)	(2.616127e+01 3.297140e-03 0.000000e+00)	(-2.933167e-03 5.556127e-04 9.006015e-22)
15.225        	(2.613942e+01 4.129446e-03 8.997775e-22)	(2.614306e+01 3.574107e-03 0.000000e+00)	(-3.640100e-03 5.553386e-04 8.997775e-22)
15.25         	(2.612047e+01 3.900067e-03 8.989510e-22)	(2.612481e+01 3.345385e-03 0.000000e+00)	(-4.339043e-03 5.546815e-04 8.989510e-22)
15.275        	(2.610232e+01 4.079672e-03 8.981282e-22)	(2.610735e+01 3.525178e-03 0.000000e+00)	(-5.030011e-03 5.544939e-04 8.981282e-22)
15.3          	(2.608411e+01 3.904310e-03 8.973070e-22)	(2.608982e+01 3.350473e-03 0.000000e+00)	(-5.712463e-03 5.538377e-04 8.973070e-22)
15.325        	(2.606621e+01 4.105028e-03 8.964218e-22)	(2.607259e+01 3.551158e-03 0.000000e+00)	(-6.386862e-03 5.538699e-04 8.964218e-22)
15.35         	(2.604901e+01 3.849486e-03 8.955409e-22)	(2.605607e+01 3.296481e-03 0.000000e+00)	(-7.052253e-03 5.530044e-04 8.955409e-22)
15.375        	(2.603096e+01 4.140922e-03 8.946689e-22)	(2.603867e+01 3.587770e-03 0.000000e+00)	(-7.709418e-03 5.531517e-04 8.946689e-22)
15.4          	(2.601457e+01 3.796661e-03 8.937966e-22)	(2.602292e+01 3.244542e-03 0.000000e+00)	(-8.357657e-03 5.521187e-04 8.937966e-22)
15.425        	(2.599790e+01 4.126602e-03 8.929911e-22)	(2.600689e+01 3.574484e-03 0.000000e+00)	(-8.996904e-03 5.521172e-04 8.929911e-22)
15.45         	(2.598160e+01 3.749629e-03 8.921867e-22)	(2.599122e+01 3.198733e-03 0.000000e+00)	(-9.627034e-03 5.508958e-04 8.921867e-22)
15.475        	(2.596530e+01 4.176141e-03 8.914458e-22)	(2.597555e+01 3.624994e-03 0.000000e+00)	(-1.024771e-02 5.511474e-04 8.914458e-22)
15.5          	(2.595009e+01 3.719952e-03 8.906959e-22)	(2.596095e+01 3.170029e-03 0.000000e+00)	(-1.085893e-02 5.499231e-04 8.906959e-22)
15.525        	(2.593453e+01 4.202495e-03 8.900178e-22)	(2.594599e+01 3.652261e-03 0.000000e+00)	(-1.146163e-02 5.502346e-04 8.900178e-22)
15.55         	(2.592011e+01 3.757840e-03 8.893150e-22)	(2.593216e+01 3.208554e-03 0.000000e+00)	(-1.205424e-02 5.492850e-04 8.893150e-22)
15.575        	(2.590533e+01 3.926035e-03 8.886728e-22)	(2.591796e+01 3.377844e-03 0.000000e+00)	(-1.263753e-02 5.481912e-04 8.886728e-22)
15.6          	(2.589036e+01 3.940840e-03 8.879329e-22)	(2.590357e+01 3.392996e-03 0.000000e+00)	(-1.321234e-02 5.478442e-04 8.879329e-22)
15.625        	(2.587657e+01 3.831182e-03 8.871768e-22)	(2.589035e+01 3.284294e-03 0.000000e+00)	(-1.377714e-02 5.468883e-04 8.871768e-22)
15.65         	(2.586173e+01 4.032198e-03 8.864398e-22)	(2.587606e+01 3.485415e-03 0.000000e+00)	(-1.433372e-02 5.467827e-04 8.864398e-22)
15.675        	(2.584892e+01 3.752028e-03 8.856937e-22)	(2.586381e+01 3.207298e-03 0.000000e+00)	(-1.488123e-02 5.447297e-04 8.856937e-22)
15.7          	(2.583588e+01 4.082071e-03 8.849760e-22)	(2.585130e+01 3.537700e-03 0.000000e+00)	(-1.542176e-02 5.443709e-04 8.849760e-22)
15.725        	(2.582217e+01 3.648221e-03 8.842391e-22)	(2.583812e+01 3.105404e-03 0.000000e+00)	(-1.595497e-02 5.428167e-04 8.842391e-22)
15.75         	(2.580977e+01 4.169980e-03 8.835775e-22)	(2.582625e+01 3.626918e-03 0.000000e+00)	(-1.647797e-02 5.430621e-04 8.835775e-22)
15.775        	(2.579719e+01 3.632581e-03 8.828838e-22)	(2.581418e+01 3.090957e-03 0.000000e+00)	(-1.699124e-02 5.416242e-04 8.828838e-22)
15.8          	(2.578542e+01 4.046873e-03 8.821602e-22)	(2.580292e+01 3.505742e-03 0.000000e+00)	(-1.749424e-02 5.411309e-04 8.821602e-22)
15.825        	(2.577424e+01 3.725430e-03 8.814230e-22)	(2.579223e+01 3.185449e-03 0.000000e+00)	(-1.798642e-02 5.399812e-04 8.814230e-22)
15.85         	(2.576234e+01 4.025451e-03 8.801442e-22)	(2.578080e+01 3.485807e-03 0.000000e+00)	(-1.846914e-02 5.396442e-04 8.801442e-22)
15.875        	(2.575018e+01 3.737504e-03 8.793447e-22)	(2.576912e+01 3.199010e-03 0.000000e+00)	(-1.894427e-02 5.384939e-04 8.793447e-22)
15.9          	(2.573925e+01 3.997126e-03 8.788440e-22)	(2.575866e+01 3.458968e-03 0.000000e+00)	(-1.940900e-02 5.381580e-04 8.788440e-22)
15.925        	(2.572810e+01 3.716487e-03 8.785896e-22)	(2.574796e+01 3.179642e-03 0.000000e+00)	(-1.986397e-02 5.368442e-04 8.785896e-22)
15.95         	(2.571755e+01 4.042288e-03 8.779336e-22)	(2.573785e+01 3.505583e-03 0.000000e+00)	(-2.030830e-02 5.367053e-04 8.779336e-22)
15.975        	(2.570676e+01 3.593482e-03 8.772439e-22)	(2.572750e+01 3.058631e-03 0.000000e+00)	(-2.074370e-02 5.348517e-04 8.772439e-22)
16            	(2.569724e+01 4.154784e-03 8.765937e-22)	(2.571841e+01 3.619782e-03 0.000000e+00)	(-2.116763e-02 5.350024e-04 8.765937e-22)
16.025        	(2.568791e+01 3.644916e-03 8.759091e-22)	(2.570949e+01 3.111152e-03 0.000000e+00)	(-2.158091e-02 5.337640e-04 8.759091e-22)
16.05         	(2.567787e+01 4.047990e-03 8.752558e-22)	(2.569985e+01 3.514558e-03 0.000000e+00)	(-2.198465e-02 5.334317e-04 8.752558e-22)
16.075        	(2.566857e+01 3.658533e-03 8.745770e-22)	(2.569094e+01 3.126611e-03 0.000000e+00)	(-2.237925e-02 5.319213e-04 8.745770e-22)
16.1          	(2.565941e+01 4.053518e-03 8.739292e-22)	(2.568217e+01 3.521947e-03 0.000000e+00)	(-2.276407e-02 5.315705e-04 8.739292e-22)
16.125        	(2.565036e+01 3.673182e-03 8.732670e-22)	(2.567350e+01 3.143010e-03 0.000000e+00)	(-2.313917e-02 5.301720e-04 8.732670e-22)
16.15         	(2.564165e+01 4.015548e-03 8.726306e-22)	(2.566515e+01 3.485813e-03 0.000000e+00)	(-2.350443e-02 5.297348e-04 8.726306e-22)
16.175        	(2.563333e+01 3.719106e-03 8.719773e-22)	(2.565719e+01 3.190636e-03 0.000000e+00)	(-2.385980e-02 5.284704e-04 8.719773e-22)
16.2          	(2.562543e+01 3.903345e-03 8.713676e-22)	(2.564964e+01 3.375389e-03 0.000000e+00)	(-2.420540e-02 5.279555e-04 8.713676e-22)
16.225        	(2.561702e+01 3.553461e-03 8.707238e-22)	(2.564156e+01 3.027303e-03 0.000000e+00)	(-2.454147e-02 5.261586e-04 8.707238e-22)
16.25         	(2.561028e+01 4.114267e-03 8.700914e-22)	(2.563515e+01 3.588323e-03 0.000000e+00)	(-2.486681e-02 5.259432e-04 8.700914e-22)
16.275        	(2.560222e+01 3.636208e-03 8.694694e-22)	(2.562740e+01 3.111865e-03 0.000000e+00)	(-2.518378e-02 5.243428e-04 8.694694e-22)
16.3          	(2.559473e+01 4.009977e-03 8.688842e-22)	(2.562022e+01 3.485837e-03 0.000000e+00)	(-2.549164e-02 5.241406e-04 8.688842e-22)
16.325        	(2.558834e+01 3.699100e-03 8.682579e-22)	(2.561413e+01 3.175947e-03 0.000000e+00)	(-2.578913e-02 5.231523e-04 8.682579e-22)
16.35         	(2.558159e+01 3.921836e-03 8.674372e-22)	(2.560767e+01 3.399431e-03 0.000000e+00)	(-2.607704e-02 5.224048e-04 8.674372e-22)
16.375        	(2.557574e+01 3.844611e-03 8.664833e-22)	(2.560210e+01 3.322870e-03 0.000000e+00)	(-2.635457e-02 5.217405e-04 8.664833e-22)
16.4          	(2.556896e+01 3.702627e-03 8.663027e-22)	(2.559558e+01 3.182604e-03 0.000000e+00)	(-2.662281e-02 5.200233e-04 8.663027e-22)
16.425        	(2.556167e+01 3.820269e-03 8.658764e-22)	(2.558855e+01 3.301506e-03 0.000000e+00)	(-2.688308e-02 5.187629e-04 8.658764e-22)
16.45         	(2.555548e+01 3.946500e-03 8.653003e-22)	(2.558262e+01 3.428019e-03 0.000000e+00)	(-2.713429e-02 5.184809e-04 8.653003e-22)
16.475        	(2.555026e+01 3.825771e-03 8.647324e-22)	(2.557764e+01 3.308127e-03 0.000000e+00)	(-2.737467e-02 5.176444e-04 8.647324e-22)
16.5          	(2.554576e+01 3.925627e-03 8.641588e-22)	(2.557336e+01 3.408720e-03 0.000000e+00)	(-2.760355e-02 5.169072e-04 8.641588e-22)
16.525        	(2.554030e+01 3.820239e-03 8.635816e-22)	(2.556812e+01 3.304461e-03 0.000000e+00)	(-2.782290e-02 5.157773e-04 8.635816e-22)
16.55         	(2.553509e+01 3.860641e-03 8.629853e-22)	(2.556313e+01 3.346012e-03 0.000000e+00)	(-2.803251e-02 5.146287e-04 8.629853e-22)
16.575        	(2.552956e+01 3.846211e-03 8.624197e-22)	(2.555779e+01 3.332758e-03 0.000000e+00)	(-2.823238e-02 5.134536e-04 8.624197e-22)
16.6          	(2.552476e+01 3.861957e-03 8.618047e-22)	(2.555318e+01 3.349288e-03 0.000000e+00)	(-2.842481e-02 5.126690e-04 8.618047e-22)
16.625        	(2.552010e+01 3.883985e-03 8.611973e-22)	(2.554871e+01 3.372135e-03 0.000000e+00)	(-2.861104e-02 5.118499e-04 8.611973e-22)
16.65         	(2.551567e+01 3.804055e-03 8.606211e-22)	(2.554446e+01 3.293555e-03 0.000000e+00)	(-2.878906e-02 5.104997e-04 8.606211e-22)
16.675        	(2.551215e+01 4.006187e-03 8.600548e-22)	(2.554110e+01 3.495958e-03 0.000000e+00)	(-2.895843e-02 5.102289e-04 8.600548e-22)
16.7          	(2.550825e+01 3.745323e-03 8.594993e-22)	(2.553737e+01 3.236270e-03 0.000000e+00)	(-2.912183e-02 5.090527e-04 8.594993e-22)
16.725        	(2.550419e+01 4.013912e-03 8.590343e-22)	(2.553347e+01 3.506240e-03 0.000000e+00)	(-2.927767e-02 5.076726e-04 8.590343e-22)
16.75         	(2.550040e+01 3.804269e-03 8.584741e-22)	(2.552983e+01 3.297462e-03 0.000000e+00)	(-2.942534e-02 5.068069e-04 8.584741e-22)
16.775        	(2.549773e+01 4.059713e-03 8.579245e-22)	(2.552729e+01 3.552924e-03 0.000000e+00)	(-2.956346e-02 5.067890e-04 8.579245e-22)
16.8          	(2.549325e+01 3.716237e-03 8.573696e-22)	(2.552295e+01 3.210999e-03 0.000000e+00)	(-2.969458e-02 5.052377e-04 8.573696e-22)
16.825        	(2.549022e+01 4.034647e-03 8.568278e-22)	(2.552004e+01 3.530145e-03 0.000000e+00)	(-2.981806e-02 5.045022e-04 8.568278e-22)
16.85         	(2.548750e+01 3.739420e-03 8.562779e-22)	(2.551743e+01 3.236438e-03 0.000000e+00)	(-2.993281e-02 5.029825e-04 8.562779e-22)
16.875        	(2.548401e+01 4.130712e-03 8.557493e-22)	(2.551405e+01 3.627890e-03 0.000000e+00)	(-3.004005e-02 5.028222e-04 8.557493e-22)
16.9          	(2.548283e+01 3.772060e-03 8.552016e-22)	(2.551297e+01 3.270460e-03 0.000000e+00)	(-3.013802e-02 5.016006e-04 8.552016e-22)
16.925        	(2.547947e+01 3.996136e-03 8.547006e-22)	(2.550970e+01 3.495503e-03 0.000000e+00)	(-3.022932e-02 5.006335e-04 8.547006e-22)
16.95         	(2.547780e+01 3.811258e-03 8.542107e-22)	(2.550812e+01 3.311930e-03 0.000000e+00)	(-3.031336e-02 4.993279e-04 8.542107e-22)
16.975        	(2.547517e+01 3.930103e-03 8.536221e-22)	(2.550556e+01 3.431936e-03 0.000000e+00)	(-3.039021e-02 4.981664e-04 8.536221e-22)
17            	(2.547453e+01 3.948827e-03 8.530874e-22)	(2.550499e+01 3.451443e-03 0.000000e+00)	(-3.045784e-02 4.973839e-04 8.530874e-22)
17.025        	(2.547193e+01 3.911720e-03 8.525782e-22)	(2.550245e+01 3.415353e-03 0.000000e+00)	(-3.051893e-02 4.963669e-04 8.525782e-22)
17.05         	(2.547024e+01 3.921145e-03 8.520747e-22)	(2.550081e+01 3.425757e-03 0.000000e+00)	(-3.057403e-02 4.953888e-04 8.520747e-22)
17.075        	(2.546874e+01 4.009290e-03 8.515737e-22)	(2.549936e+01 3.514314e-03 0.000000e+00)	(-3.062228e-02 4.949769e-04 8.515737e-22)
17.1          	(2.546789e+01 3.895157e-03 8.510884e-22)	(2.549855e+01 3.401444e-03 0.000000e+00)	(-3.066272e-02 4.937131e-04 8.510884e-22)
17.125        	(2.546650e+01 4.045688e-03 8.505507e-22)	(2.549720e+01 3.552529e-03 0.000000e+00)	(-3.069633e-02 4.931587e-04 8.505507e-22)
17.15         	(2.546585e+01 3.849488e-03 8.500319e-22)	(2.549658e+01 3.357574e-03 0.000000e+00)	(-3.072320e-02 4.919141e-04 8.500319e-22)
17.175        	(2.546485e+01 4.034162e-03 8.495336e-22)	(2.549560e+01 3.543071e-03 0.000000e+00)	(-3.074385e-02 4.910909e-04 8.495336e-22)
17.2          	(2.546536e+01 3.968944e-03 8.490262e-22)	(2.549612e+01 3.478626e-03 0.000000e+00)	(-3.075660e-02 4.903182e-04 8.490262e-22)
17.225        	(2.546407e+01 3.844727e-03 8.485230e-22)	(2.549484e+01 3.356028e-03 0.000000e+00)	(-3.076360e-02 4.886988e-04 8.485230e-22)
17.25         	(2.546348e+01 3.942557e-03 8.480309e-22)	(2.549425e+01 3.455193e-03 0.000000e+00)	(-3.076447e-02 4.873645e-04 8.480309e-22)
17.275        	(2.546286e+01 4.079404e-03 8.475364e-22)	(2.549362e+01 3.592379e-03 0.000000e+00)	(-3.075924e-02 4.870254e-04 8.475364e-22)
17.3          	(2.546376e+01 3.956534e-03 8.470429e-22)	(2.549451e+01 3.470332e-03 0.000000e+00)	(-3.074686e-02 4.862023e-04 8.470429e-22)
17.325        	(2.546399e+01 4.030797e-03 8.465630e-22)	(2.549472e+01 3.545347e-03 0.000000e+00)	(-3.072850e-02 4.854504e-04 8.465630e-22)
17.35         	(2.546414e+01 3.960064e-03 8.460735e-22)	(2.549484e+01 3.475555e-03 0.000000e+00)	(-3.070502e-02 4.845091e-04 8.460735e-22)
17.375        	(2.546465e+01 4.012752e-03 8.455921e-22)	(2.549532e+01 3.529145e-03 0.000000e+00)	(-3.067582e-02 4.836073e-04 8.455921e-22)
17.4          	(2.546551e+01 3.989190e-03 8.451154e-22)	(2.549615e+01 3.506504e-03 0.000000e+00)	(-3.064073e-02 4.826863e-04 8.451154e-22)
17.425        	(2.546655e+01 3.997994e-03 8.446451e-22)	(2.549715e+01 3.516255e-03 0.000000e+00)	(-3.059973e-02 4.817392e-04 8.446451e-22)
17.45         	(2.546648e+01 3.920846e-03 8.441778e-22)	(2.549703e+01 3.440334e-03 0.000000e+00)	(-3.055419e-02 4.805120e-04 8.441778e-22)
17.475        	(2.546803e+01 4.088914e-03 8.437164e-22)	(2.549853e+01 3.608956e-03 0.000000e+00)	(-3.050287e-02 4.799580e-04 8.437164e-22)
17.5          	(2.546898e+01 3.929892e-03 8.432504e-22)	(2.549942e+01 3.450969e-03 0.000000e+00)	(-3.044597e-02 4.789229e-04 8.432504e-22)
17.525        	(2.547075e+01 4.122440e-03 8.427953e-22)	(2.550113e+01 3.643943e-03 0.000000e+00)	(-3.038338e-02 4.784967e-04 8.427953e-22)
17.55         	(2.547189e+01 3.944568e-03 8.423381e-22)	(2.550221e+01 3.467110e-03 0.000000e+00)	(-3.031680e-02 4.774586e-04 8.423381e-22)
17.575        	(2.547302e+01 4.054738e-03 8.418871e-22)	(2.550327e+01 3.578198e-03 0.000000e+00)	(-3.024577e-02 4.765397e-04 8.418871e-22)
17.6          	(2.547512e+01 4.072200e-03 8.414403e-22)	(2.550529e+01 3.596173e-03 0.000000e+00)	(-3.016885e-02 4.760268e-04 8.414403e-22)
17.625        	(2.547707e+01 4.043563e-03 8.409954e-22)	(2.550716e+01 3.568238e-03 0.000000e+00)	(-3.008644e-02 4.753247e-04 8.409954e-22)
17.65         	(2.547780e+01 4.105502e-03 8.405509e-22)	(2.550780e+01 3.630634e-03 0.000000e+00)	(-2.999998e-02 4.748676e-04 8.405509e-22)
17.675        	(2.548052e+01 3.928389e-03 8.401146e-22)	(2.551043e+01 3.454720e-03 0.000000e+00)	(-2.990821e-02 4.736697e-04 8.401146e-22)
17.7          	(2.548242e+01 4.091536e-03 8.396935e-22)	(2.551224e+01 3.618648e-03 0.000000e+00)	(-2.981245e-02 4.728877e-04 8.396935e-22)
17.725        	(2.548530e+01 4.021543e-03 8.392709e-22)	(2.551501e+01 3.549515e-03 0.000000e+00)	(-2.971279e-02 4.720279e-04 8.392709e-22)
17.75         	(2.548690e+01 4.003686e-03 8.388507e-22)	(2.551651e+01 3.532757e-03 0.000000e+00)	(-2.960952e-02 4.709292e-04 8.388507e-22)
17.775        	(2.549081e+01 4.285566e-03 8.384003e-22)	(2.552031e+01 3.814248e-03 0.000000e+00)	(-2.949880e-02 4.713182e-04 8.384003e-22)
17.8          	(2.549293e+01 4.114838e-03 8.379960e-22)	(2.552231e+01 3.643846e-03 0.000000e+00)	(-2.938378e-02 4.709919e-04 8.379960e-22)
17.825        	(2.549613e+01 4.195482e-03 8.375784e-22)	(2.552539e+01 3.725081e-03 0.000000e+00)	(-2.926495e-02 4.704012e-04 8.375784e-22)
17.85         	(2.549827e+01 4.096381e-03 8.371705e-22)	(2.552741e+01 3.626937e-03 0.000000e+00)	(-2.914297e-02 4.694449e-04 8.371705e-22)
17.875        	(2.550228e+01 4.186263e-03 8.367654e-22)	(2.553129e+01 3.717484e-03 0.000000e+00)	(-2.901601e-02 4.687789e-04 8.367654e-22)
17.9          	(2.550476e+01 4.176813e-03 8.363617e-22)	(2.553364e+01 3.708508e-03 0.000000e+00)	(-2.888563e-02 4.683054e-04 8.363617e-22)
17.925        	(2.550803e+01 3.996512e-03 8.359304e-22)	(2.553678e+01 3.529507e-03 0.000000e+00)	(-2.875028e-02 4.670050e-04 8.359304e-22)
17.95         	(2.551092e+01 4.139263e-03 8.355399e-22)	(2.553953e+01 3.673118e-03 0.000000e+00)	(-2.861214e-02 4.661453e-04 8.355399e-22)
17.975        	(2.551468e+01 4.205329e-03 8.351278e-22)	(2.554315e+01 3.739418e-03 0.000000e+00)	(-2.847052e-02 4.659110e-04 8.351278e-22)
18            	(2.551809e+01 4.164705e-03 8.347315e-22)	(2.554642e+01 3.699154e-03 0.000000e+00)	(-2.832563e-02 4.655513e-04 8.347315e-22)
18.025        	(2.552183e+01 4.151573e-03 8.343178e-22)	(2.555001e+01 3.686684e-03 0.000000e+00)	(-2.817745e-02 4.648894e-04 8.343178e-22)
18.05         	(2.552541e+01 4.210610e-03 8.339198e-22)	(2.555343e+01 3.745961e-03 0.000000e+00)	(-2.802632e-02 4.646490e-04 8.339198e-22)
18.075        	(2.552971e+01 4.179294e-03 8.335210e-22)	(2.555758e+01 3.714943e-03 0.000000e+00)	(-2.787243e-02 4.643515e-04 8.335210e-22)
18.1          	(2.553351e+01 4.087509e-03 8.331216e-22)	(2.556123e+01 3.624123e-03 0.000000e+00)	(-2.771475e-02 4.633859e-04 8.331216e-22)
18.125        	(2.553755e+01 4.188444e-03 8.327263e-22)	(2.556510e+01 3.725705e-03 0.000000e+00)	(-2.755428e-02 4.627387e-04 8.327263e-22)
18.15         	(2.554136e+01 4.241408e-03 8.323265e-22)	(2.556875e+01 3.778747e-03 0.000000e+00)	(-2.739131e-02 4.626619e-04 8.323265e-22)
18.175        	(2.554599e+01 4.133477e-03 8.319237e-22)	(2.557322e+01 3.671396e-03 0.000000e+00)	(-2.722490e-02 4.620813e-04 8.319237e-22)
18.2          	(2.555029e+01 4.202176e-03 8.315295e-22)	(2.557734e+01 3.740587e-03 0.000000e+00)	(-2.705582e-02 4.615889e-04 8.315295e-22)
18.225        	(2.555495e+01 4.170610e-03 8.311292e-22)	(2.558183e+01 3.709534e-03 0.000000e+00)	(-2.688347e-02 4.610766e-04 8.311292e-22)
18.25         	(2.555913e+01 4.130235e-03 8.307315e-22)	(2.558584e+01 3.669944e-03 0.000000e+00)	(-2.670860e-02 4.602908e-04 8.307315e-22)
18.275        	(2.556385e+01 4.174630e-03 8.303350e-22)	(2.559038e+01 3.714902e-03 0.000000e+00)	(-2.653152e-02 4.597280e-04 8.303350e-22)
18.3          	(2.556822e+01 4.232713e-03 8.299382e-22)	(2.559457e+01 3.773062e-03 0.000000e+00)	(-2.635257e-02 4.596513e-04 8.299382e-22)
18.325        	(2.557279e+01 4.015049e-03 8.295344e-22)	(2.559896e+01 3.556576e-03 0.000000e+00)	(-2.617132e-02 4.584730e-04 8.295344e-22)
18.35         	(2.557776e+01 4.373616e-03 8.291399e-22)	(2.560374e+01 3.914810e-03 0.000000e+00)	(-2.598779e-02 4.588057e-04 8.291399e-22)
18.375        	(2.558211e+01 3.978711e-03 8.287310e-22)	(2.560792e+01 3.520879e-03 0.000000e+00)	(-2.580402e-02 4.578319e-04 8.287310e-22)
18.4          	(2.558682e+01 4.197199e-03 8.283402e-22)	(2.561244e+01 3.740048e-03 0.000000e+00)	(-2.561821e-02 4.571510e-04 8.283402e-22)
18.425        	(2.559191e+01 4.197249e-03 8.279384e-22)	(2.561734e+01 3.740172e-03 0.000000e+00)	(-2.542941e-02 4.570773e-04 8.279384e-22)
18.45         	(2.559721e+01 4.176755e-03 8.275405e-22)	(2.562245e+01 3.719883e-03 0.000000e+00)	(-2.523872e-02 4.568720e-04 8.275405e-22)
18.475        	(2.560172e+01 4.115829e-03 8.271403e-22)	(2.562677e+01 3.659636e-03 0.000000e+00)	(-2.504650e-02 4.561930e-04 8.271403e-22)
18.5          	(2.560732e+01 4.239476e-03 8.267455e-22)	(2.563217e+01 3.783352e-03 0.000000e+00)	(-2.485210e-02 4.561239e-04 8.267455e-22)
18.525        	(2.561215e+01 4.050718e-03 8.263438e-22)	(2.563681e+01 3.595405e-03 0.000000e+00)	(-2.465638e-02 4.553129e-04 8.263438e-22)
18.55         	(2.561734e+01 4.343626e-03 8.259528e-22)	(2.564180e+01 3.887924e-03 0.000000e+00)	(-2.445916e-02 4.557017e-04 8.259528e-22)
18.575        	(2.562274e+01 4.065339e-03 8.255437e-22)	(2.564700e+01 3.610080e-03 0.000000e+00)	(-2.426045e-02 4.552596e-04 8.255437e-22)
18.6          	(2.562805e+01 4.283022e-03 8.251458e-22)	(2.565211e+01 3.827833e-03 0.000000e+00)	(-2.406022e-02 4.551882e-04 8.251458e-22)
18.625        	(2.563341e+01 4.103978e-03 8.247387e-22)	(2.565727e+01 3.649257e-03 0.000000e+00)	(-2.385853e-02 4.547213e-04 8.247387e-22)
18.65         	(2.563876e+01 4.207063e-03 8.243387e-22)	(2.566241e+01 3.752629e-03 0.000000e+00)	(-2.365561e-02 4.544342e-04 8.243387e-22)
18.675        	(2.564360e+01 4.044587e-03 8.239409e-22)	(2.566705e+01 3.591002e-03 0.000000e+00)	(-2.345217e-02 4.535847e-04 8.239409e-22)
18.7          	(2.564907e+01 4.214123e-03 8.235451e-22)	(2.567232e+01 3.760700e-03 0.000000e+00)	(-2.324745e-02 4.534236e-04 8.235451e-22)
18.725        	(2.565504e+01 4.259683e-03 8.231465e-22)	(2.567808e+01 3.805755e-03 0.000000e+00)	(-2.304093e-02 4.539284e-04 8.231465e-22)
18.75         	(2.566046e+01 4.073897e-03 8.227432e-22)	(2.568329e+01 3.620483e-03 0.000000e+00)	(-2.283412e-02 4.534145e-04 8.227432e-22)
18.775        	(2.566586e+01 4.224692e-03 8.223610e-22)	(2.568849e+01 3.771395e-03 0.000000e+00)	(-2.262709e-02 4.532963e-04 8.223610e-22)
18.8          	(2.567121e+01 4.064746e-03 8.219713e-22)	(2.569363e+01 3.611993e-03 0.000000e+00)	(-2.241871e-02 4.527529e-04 8.219713e-22)
18.825        	(2.567728e+01 4.368764e-03 8.215899e-22)	(2.569949e+01 3.915266e-03 0.000000e+00)	(-2.220840e-02 4.534977e-04 8.215899e-22)
18.85         	(2.568302e+01 4.017950e-03 8.211950e-22)	(2.570501e+01 3.564952e-03 0.000000e+00)	(-2.199744e-02 4.529978e-04 8.211950e-22)
18.875        	(2.568875e+01 4.247699e-03 8.208163e-22)	(2.571054e+01 3.794807e-03 0.000000e+00)	(-2.178609e-02 4.528921e-04 8.208163e-22)
18.9          	(2.569423e+01 4.084798e-03 8.204259e-22)	(2.571581e+01 3.632246e-03 0.000000e+00)	(-2.157445e-02 4.525518e-04 8.204259e-22)
18.925        	(2.570054e+01 4.207204e-03 8.200496e-22)	(2.572190e+01 3.754693e-03 0.000000e+00)	(-2.136129e-02 4.525109e-04 8.200496e-22)
18.95         	(2.570577e+01 3.997554e-03 8.196592e-22)	(2.572692e+01 3.545841e-03 0.000000e+00)	(-2.114776e-02 4.517131e-04 8.196592e-22)
18.975        	(2.571160e+01 4.303356e-03 8.192757e-22)	(2.573253e+01 3.851134e-03 0.000000e+00)	(-2.093447e-02 4.522216e-04 8.192757e-22)
19            	(2.571736e+01 4.010524e-03 8.188786e-22)	(2.573809e+01 3.558680e-03 0.000000e+00)	(-2.072078e-02 4.518439e-04 8.188786e-22)
19.025        	(2.572281e+01 4.228705e-03 8.184983e-22)	(2.574332e+01 3.776775e-03 0.000000e+00)	(-2.050698e-02 4.519296e-04 8.184983e-22)
19.05         	(2.572818e+01 4.031497e-03 8.181047e-22)	(2.574847e+01 3.579971e-03 0.000000e+00)	(-2.029363e-02 4.515262e-04 8.181047e-22)
19.075        	(2.573387e+01 4.155764e-03 8.177145e-22)	(2.575395e+01 3.704324e-03 0.000000e+00)	(-2.008024e-02 4.514401e-04 8.177145e-22)
19.1          	(2.573909e+01 4.111498e-03 8.173208e-22)	(2.575896e+01 3.659946e-03 0.000000e+00)	(-1.986766e-02 4.515517e-04 8.173208e-22)
19.125        	(2.574502e+01 4.248556e-03 8.169298e-22)	(2.576467e+01 3.796345e-03 0.000000e+00)	(-1.965490e-02 4.522113e-04 8.169298e-22)
19.15         	(2.575060e+01 4.056376e-03 8.165386e-22)	(2.577004e+01 3.604344e-03 0.000000e+00)	(-1.944196e-02 4.520317e-04 8.165386e-22)
19.175        	(2.575671e+01 4.081405e-03 8.161504e-22)	(2.577594e+01 3.629837e-03 0.000000e+00)	(-1.922843e-02 4.515678e-04 8.161504e-22)
19.2          	(2.576168e+01 4.140244e-03 8.157522e-22)	(2.578069e+01 3.688630e-03 0.000000e+00)	(-1.901580e-02 4.516144e-04 8.157522e-22)
19.225        	(2.576723e+01 4.067362e-03 8.153563e-22)	(2.578603e+01 3.615809e-03 0.000000e+00)	(-1.880405e-02 4.515526e-04 8.153563e-22)
19.25         	(2.577296e+01 4.271339e-03 8.149570e-22)	(2.579156e+01 3.818904e-03 0.000000e+00)	(-1.859266e-02 4.524350e-04 8.149570e-22)
19.275        	(2.577888e+01 3.977767e-03 8.145580e-22)	(2.579726e+01 3.525766e-03 0.000000e+00)	(-1.838073e-02 4.520018e-04 8.145580e-22)
19.3          	(2.578416e+01 4.204279e-03 8.141748e-22)	(2.580233e+01 3.752039e-03 0.000000e+00)	(-1.816884e-02 4.522398e-04 8.141748e-22)
19.325        	(2.578961e+01 4.053254e-03 8.137812e-22)	(2.580757e+01 3.600963e-03 0.000000e+00)	(-1.795726e-02 4.522914e-04 8.137812e-22)
19.35         	(2.579511e+01 4.087781e-03 8.133982e-22)	(2.581286e+01 3.635594e-03 0.000000e+00)	(-1.774598e-02 4.521867e-04 8.133982e-22)
19.375        	(2.580031e+01 4.017872e-03 8.130134e-22)	(2.581784e+01 3.565971e-03 0.000000e+00)	(-1.753544e-02 4.519009e-04 8.130134e-22)
19.4          	(2.580548e+01 4.100710e-03 8.126320e-22)	(2.582281e+01 3.648665e-03 0.000000e+00)	(-1.732575e-02 4.520450e-04 8.126320e-22)
19.425        	(2.581080e+01 4.070497e-03 8.122428e-22)	(2.582792e+01 3.618251e-03 0.000000e+00)	(-1.711662e-02 4.522459e-04 8.122428e-22)
19.45         	(2.581613e+01 4.208881e-03 8.118654e-22)	(2.583304e+01 3.755758e-03 0.000000e+00)	(-1.690803e-02 4.531229e-04 8.118654e-22)
19.475        	(2.582185e+01 4.000082e-03 8.114735e-22)	(2.583855e+01 3.546944e-03 0.000000e+00)	(-1.669962e-02 4.531380e-04 8.114735e-22)
19.5          	(2.582693e+01 4.143754e-03 8.110953e-22)	(2.584342e+01 3.690356e-03 0.000000e+00)	(-1.649261e-02 4.533973e-04 8.110953e-22)
19.525        	(2.583186e+01 3.971727e-03 8.107032e-22)	(2.584815e+01 3.518577e-03 0.000000e+00)	(-1.628659e-02 4.531502e-04 8.107032e-22)
19.55         	(2.583761e+01 4.303131e-03 8.103333e-22)	(2.585369e+01 3.848776e-03 0.000000e+00)	(-1.608075e-02 4.543554e-04 8.103333e-22)
19.575        	(2.584278e+01 4.028979e-03 8.099329e-22)	(2.585866e+01 3.574201e-03 0.000000e+00)	(-1.587589e-02 4.547776e-04 8.099329e-22)
19.6          	(2.584754e+01 4.014753e-03 8.095499e-22)	(2.586322e+01 3.560350e-03 0.000000e+00)	(-1.567314e-02 4.544029e-04 8.095499e-22)
19.625        	(2.585253e+01 4.107153e-03 8.091632e-22)	(2.586801e+01 3.652538e-03 0.000000e+00)	(-1.547130e-02 4.546145e-04 8.091632e-22)
19.65         	(2.585758e+01 4.000300e-03 8.087762e-22)	(2.587285e+01 3.545715e-03 0.000000e+00)	(-1.527001e-02 4.545842e-04 8.087762e-22)
19.675        	(2.586226e+01 4.066553e-03 8.083838e-22)	(2.587733e+01 3.611776e-03 0.000000e+00)	(-1.506994e-02 4.547765e-04 8.083838e-22)
19.7          	(2.586652e+01 4.041409e-03 8.079930e-22)	(2.588139e+01 3.586299e-03 0.000000e+00)	(-1.487228e-02 4.551105e-04 8.079930e-22)
19.725        	(2.587173e+01 4.043798e-03 8.076049e-22)	(2.588641e+01 3.588511e-03 0.000000e+00)	(-1.467574e-02 4.552863e-04 8.076049e-22)
19.75         	(2.587579e+01 4.033928e-03 8.072089e-22)	(2.589027e+01 3.578447e-03 0.000000e+00)	(-1.448084e-02 4.554815e-04 8.072089e-22)
19.775        	(2.588051e+01 4.045397e-03 8.068078e-22)	(2.589480e+01 3.589582e-03 0.000000e+00)	(-1.428732e-02 4.558152e-04 8.068078e-22)
19.8          	(2.588466e+01 4.045166e-03 8.064037e-22)	(2.589876e+01 3.588988e-03 0.000000e+00)	(-1.409546e-02 4.561780e-04 8.064037e-22)
19.825        	(2.588806e+01 4.096051e-03 8.060001e-22)	(2.590196e+01 3.639190e-03 0.000000e+00)	(-1.390671e-02 4.568607e-04 8.060001e-22)
19.85         	(2.589245e+01 3.840070e-03 8.055917e-22)	(2.590617e+01 3.383808e-03 0.000000e+00)	(-1.371944e-02 4.562621e-04 8.055917e-22)
19.875        	(2.589635e+01 4.166054e-03 8.051972e-22)	(2.590989e+01 3.709147e-03 0.000000e+00)	(-1.353349e-02 4.569076e-04 8.051972e-22)
19.9          	(2.590086e+01 3.950737e-03 8.047821e-22)	(2.591421e+01 3.493495e-03 0.000000e+00)	(-1.334843e-02 4.572415e-04 8.047821e-22)
19.925        	(2.590516e+01 4.171137e-03 8.043830e-22)	(2.591832e+01 3.712947e-03 0.000000e+00)	(-1.316464e-02 4.581896e-04 8.043830e-22)
19.95         	(2.590881e+01 3.952592e-03 8.039702e-22)	(2.592179e+01 3.494148e-03 0.000000e+00)	(-1.298269e-02 4.584445e-04 8.039702e-22)
19.975        	(2.591245e+01 4.112321e-03 8.035609e-22)	(2.592526e+01 3.653242e-03 0.000000e+00)	(-1.280304e-02 4.590786e-04 8.035609e-22)
20            	(2.591601e+01 3.902316e-03 8.031453e-22)	(2.592864e+01 3.443368e-03 0.000000e+00)	(-1.262514e-02 4.589479e-04 8.031453e-22)
20.025        	(2.591967e+01 4.184192e-03 8.027442e-22)	(2.593212e+01 3.724267e-03 0.000000e+00)	(-1.244900e-02 4.599245e-04 8.027442e-22)
20.05         	(2.592293e+01 3.926828e-03 8.023209e-22)	(2.593521e+01 3.466623e-03 0.000000e+00)	(-1.227494e-02 4.602054e-04 8.023209e-22)
20.075        	(2.592652e+01 4.119728e-03 8.019168e-22)	(2.593862e+01 3.658871e-03 0.000000e+00)	(-1.210279e-02 4.608570e-04 8.019168e-22)
20.1          	(2.592966e+01 3.898017e-03 8.014916e-22)	(2.594160e+01 3.437209e-03 0.000000e+00)	(-1.193243e-02 4.608079e-04 8.014916e-22)
20.125        	(2.593268e+01 4.052839e-03 8.010860e-22)	(2.594444e+01 3.591664e-03 0.000000e+00)	(-1.176413e-02 4.611748e-04 8.010860e-22)
20.15         	(2.593566e+01 3.950069e-03 8.006642e-22)	(2.594725e+01 3.488615e-03 0.000000e+00)	(-1.159766e-02 4.614537e-04 8.006642e-22)
20.175        	(2.593851e+01 4.021469e-03 8.002485e-22)	(2.594995e+01 3.559557e-03 0.000000e+00)	(-1.143345e-02 4.619118e-04 8.002485e-22)
20.2          	(2.594095e+01 3.947767e-03 7.998270e-22)	(2.595222e+01 3.485585e-03 0.000000e+00)	(-1.127149e-02 4.621820e-04 7.998270e-22)
20.225        	(2.594406e+01 4.049191e-03 7.994094e-22)	(2.595518e+01 3.586345e-03 0.000000e+00)	(-1.111088e-02 4.628456e-04 7.994094e-22)
20.25         	(2.594672e+01 4.058232e-03 7.989872e-22)	(2.595767e+01 3.594461e-03 0.000000e+00)	(-1.095248e-02 4.637709e-04 7.989872e-22)
20.275        	(2.594957e+01 3.991847e-03 7.985619e-22)	(2.596036e+01 3.527560e-03 0.000000e+00)	(-1.079553e-02 4.642868e-04 7.985619e-22)
20.3          	(2.595231e+01 3.995158e-03 7.981399e-22)	(2.596295e+01 3.530515e-03 0.000000e+00)	(-1.064054e-02 4.646430e-04 7.981399e-22)
20.325        	(2.595470e+01 4.017552e-03 7.977180e-22)	(2.596519e+01 3.552348e-03 0.000000e+00)	(-1.048736e-02 4.652046e-04 7.977180e-22)
20.35         	(2.595629e+01 3.947447e-03 7.972829e-22)	(2.596663e+01 3.481987e-03 0.000000e+00)	(-1.033739e-02 4.654599e-04 7.972829e-22)
20.375        	(2.595873e+01 3.985758e-03 7.968611e-22)	(2.596892e+01 3.519894e-03 0.000000e+00)	(-1.019029e-02 4.658645e-04 7.968611e-22)
20.4          	(2.596039e+01 3.937169e-03 7.964300e-22)	(2.597043e+01 3.471066e-03 0.000000e+00)	(-1.004709e-02 4.661034e-04 7.964300e-22)
20.425        	(2.596275e+01 3.978452e-03 7.960112e-22)	(2.597266e+01 3.511957e-03 0.000000e+00)	(-9.905686e-03 4.664951e-04 7.960112e-22)
20.45         	(2.596380e+01 3.967936e-03 7.955869e-22)	(2.597357e+01 3.500885e-03 0.000000e+00)	(-9.767144e-03 4.670505e-04 7.955869e-22)
20.475        	(2.596546e+01 3.834162e-03 7.951889e-22)	(2.597509e+01 3.367256e-03 0.000000e+00)	(-9.630881e-03 4.669060e-04 7.951889e-22)
20.5          	(2.596641e+01 3.877455e-03 7.947482e-22)	(2.597591e+01 3.410499e-03 0.000000e+00)	(-9.497237e-03 4.669557e-04 7.947482e-22)
20.525        	(2.596773e+01 3.874881e-03 7.943211e-22)	(2.597709e+01 3.407568e-03 0.000000e+00)	(-9.366287e-03 4.673132e-04 7.943211e-22)
20.55         	(2.596867e+01 3.900364e-03 7.938849e-22)	(2.597791e+01 3.432573e-03 0.000000e+00)	(-9.238586e-03 4.677907e-04 7.938849e-22)
20.575        	(2.596903e+01 3.820845e-03 7.934531e-22)	(2.597815e+01 3.352971e-03 0.000000e+00)	(-9.114858e-03 4.678738e-04 7.934531e-22)
20.6          	(2.597023e+01 3.953774e-03 7.930163e-22)	(2.597923e+01 3.485162e-03 0.000000e+00)	(-8.993301e-03 4.686117e-04 7.930163e-22)
20.625        	(2.597104e+01 3.886170e-03 7.925831e-22)	(2.597991e+01 3.416943e-03 0.000000e+00)	(-8.873778e-03 4.692267e-04 7.925831e-22)
20.65         	(2.597167e+01 3.901622e-03 7.921489e-22)	(2.598043e+01 3.431941e-03 0.000000e+00)	(-8.756635e-03 4.696806e-04 7.921489e-22)
20.675        	(2.597194e+01 3.871550e-03 7.917158e-22)	(2.598058e+01 3.401552e-03 0.000000e+00)	(-8.642365e-03 4.699985e-04 7.917158e-22)
20.7          	(2.597278e+01 3.900574e-03 7.912836e-22)	(2.598131e+01 3.430126e-03 0.000000e+00)	(-8.529842e-03 4.704477e-04 7.912836e-22)
20.725        	(2.597295e+01 3.843113e-03 7.908531e-22)	(2.598137e+01 3.372408e-03 0.000000e+00)	(-8.420403e-03 4.707042e-04 7.908531e-22)
20.75         	(2.597306e+01 3.858774e-03 7.904081e-22)	(2.598138e+01 3.387777e-03 0.000000e+00)	(-8.313869e-03 4.709971e-04 7.904081e-22)
20.775        	(2.597292e+01 3.910362e-03 7.899593e-22)	(2.598113e+01 3.438745e-03 0.000000e+00)	(-8.212941e-03 4.716171e-04 7.899593e-22)
20.8          	(2.597293e+01 3.865965e-03 7.895210e-22)	(2.598105e+01 3.393846e-03 0.000000e+00)	(-8.114627e-03 4.721196e-04 7.895210e-22)
20.825        	(2.597258e+01 3.906784e-03 7.890834e-22)	(2.598060e+01 3.434065e-03 0.000000e+00)	(-8.017969e-03 4.727193e-04 7.890834e-22)
20.85         	(2.597227e+01 3.855576e-03 7.886427e-22)	(2.598019e+01 3.382433e-03 0.000000e+00)	(-7.923419e-03 4.731436e-04 7.886427e-22)
20.875        	(2.597160e+01 3.883061e-03 7.882022e-22)	(2.597943e+01 3.409454e-03 0.000000e+00)	(-7.831354e-03 4.736066e-04 7.882022e-22)
20.9          	(2.597107e+01 3.880575e-03 7.877621e-22)	(2.597881e+01 3.406420e-03 0.000000e+00)	(-7.741564e-03 4.741544e-04 7.877621e-22)
20.925        	(2.597004e+01 3.910544e-03 7.873117e-22)	(2.597769e+01 3.435672e-03 0.000000e+00)	(-7.654637e-03 4.748715e-04 7.873117e-22)
20.95         	(2.596916e+01 3.889196e-03 7.868647e-22)	(2.597673e+01 3.413683e-03 0.000000e+00)	(-7.570235e-03 4.755137e-04 7.868647e-22)
20.975        	(2.596794e+01 3.784701e-03 7.864162e-22)	(2.597542e+01 3.309186e-03 0.000000e+00)	(-7.488577e-03 4.755150e-04 7.864162e-22)
21            	(2.596653e+01 3.975938e-03 7.859675e-22)	(2.597394e+01 3.499535e-03 0.000000e+00)	(-7.409183e-03 4.764033e-04 7.859675e-22)
21.025        	(2.596522e+01 3.749804e-03 7.855140e-22)	(2.597255e+01 3.273288e-03 0.000000e+00)	(-7.332404e-03 4.765159e-04 7.855140e-22)
21.05         	(2.596407e+01 4.010234e-03 7.850778e-22)	(2.597133e+01 3.532705e-03 0.000000e+00)	(-7.258178e-03 4.775290e-04 7.850778e-22)
21.075        	(2.596183e+01 3.810087e-03 7.846263e-22)	(2.596901e+01 3.332091e-03 0.000000e+00)	(-7.187276e-03 4.779959e-04 7.846263e-22)
21.1          	(2.596043e+01 3.978099e-03 7.841821e-22)	(2.596754e+01 3.499205e-03 0.000000e+00)	(-7.118351e-03 4.788939e-04 7.841821e-22)
21.125        	(2.595838e+01 3.750216e-03 7.837329e-22)	(2.596543e+01 3.271278e-03 0.000000e+00)	(-7.051691e-03 4.789378e-04 7.837329e-22)
21.15         	(2.595687e+01 4.058957e-03 7.832911e-22)	(2.596385e+01 3.578834e-03 0.000000e+00)	(-6.986934e-03 4.801229e-04 7.832911e-22)
21.175        	(2.595445e+01 3.741037e-03 7.828375e-22)	(2.596137e+01 3.260733e-03 0.000000e+00)	(-6.924987e-03 4.803037e-04 7.828375e-22)
21.2          	(2.595239e+01 3.965715e-03 7.823990e-22)	(2.595925e+01 3.484761e-03 0.000000e+00)	(-6.866060e-03 4.809539e-04 7.823990e-22)
21.225        	(2.594976e+01 3.783094e-03 7.819477e-22)	(2.595657e+01 3.301915e-03 0.000000e+00)	(-6.809763e-03 4.811792e-04 7.819477e-22)
21.25         	(2.594704e+01 3.913544e-03 7.814974e-22)	(2.595380e+01 3.431814e-03 0.000000e+00)	(-6.756189e-03 4.817302e-04 7.814974e-22)
21.275        	(2.594500e+01 3.883388e-03 7.810485e-22)	(2.595171e+01 3.400937e-03 0.000000e+00)	(-6.703957e-03 4.824510e-04 7.810485e-22)
21.3          	(2.594225e+01 3.849133e-03 7.806151e-22)	(2.594891e+01 3.366219e-03 0.000000e+00)	(-6.654836e-03 4.829139e-04 7.806151e-22)
21.325        	(2.593884e+01 3.842580e-03 7.801539e-22)	(2.594545e+01 3.359218e-03 0.000000e+00)	(-6.609340e-03 4.833621e-04 7.801539e-22)
21.35         	(2.593570e+01 3.841882e-03 7.797066e-22)	(2.594227e+01 3.358041e-03 0.000000e+00)	(-6.566834e-03 4.838410e-04 7.797066e-22)
21.375        	(2.593214e+01 3.876304e-03 7.792341e-22)	(2.593867e+01 3.391837e-03 0.000000e+00)	(-6.526314e-03 4.844672e-04 7.792341e-22)
21.4          	(2.592857e+01 3.834761e-03 7.787912e-22)	(2.593506e+01 3.349870e-03 0.000000e+00)	(-6.488462e-03 4.848908e-04 7.787912e-22)
21.425        	(2.592518e+01 3.820357e-03 7.783484e-22)	(2.593164e+01 3.335209e-03 0.000000e+00)	(-6.453819e-03 4.851482e-04 7.783484e-22)
21.45         	(2.592107e+01 3.829619e-03 7.778917e-22)	(2.592749e+01 3.344080e-03 0.000000e+00)	(-6.421981e-03 4.855392e-04 7.778917e-22)
21.475        	(2.591746e+01 3.923251e-03 7.774417e-22)	(2.592385e+01 3.436757e-03 0.000000e+00)	(-6.392137e-03 4.864939e-04 7.774417e-22)
21.5          	(2.591373e+01 3.891483e-03 7.769887e-22)	(2.592009e+01 3.404068e-03 0.000000e+00)	(-6.364887e-03 4.874155e-04 7.769887e-22)
21.525        	(2.590979e+01 3.840189e-03 7.765327e-22)	(2.591613e+01 3.352305e-03 0.000000e+00)	(-6.339916e-03 4.878834e-04 7.765327e-22)
21.55         	(2.590574e+01 3.933422e-03 7.760821e-22)	(2.591205e+01 3.444719e-03 0.000000e+00)	(-6.317230e-03 4.887027e-04 7.760821e-22)
21.575        	(2.590122e+01 3.842075e-03 7.756277e-22)	(2.590752e+01 3.352853e-03 0.000000e+00)	(-6.297213e-03 4.892215e-04 7.756277e-22)
21.6          	(2.589666e+01 3.769935e-03 7.751744e-22)	(2.590294e+01 3.280768e-03 0.000000e+00)	(-6.280318e-03 4.891668e-04 7.751744e-22)
21.625        	(2.589252e+01 3.914197e-03 7.747266e-22)	(2.589878e+01 3.424453e-03 0.000000e+00)	(-6.265394e-03 4.897434e-04 7.747266e-22)
21.65         	(2.588723e+01 3.793133e-03 7.742690e-22)	(2.589348e+01 3.303012e-03 0.000000e+00)	(-6.253507e-03 4.901210e-04 7.742690e-22)
21.675        	(2.588272e+01 3.804086e-03 7.738226e-22)	(2.588897e+01 3.313814e-03 0.000000e+00)	(-6.243939e-03 4.902718e-04 7.738226e-22)
21.7          	(2.587759e+01 3.889409e-03 7.733698e-22)	(2.588383e+01 3.398446e-03 0.000000e+00)	(-6.236736e-03 4.909622e-04 7.733698e-22)
21.725        	(2.587211e+01 3.831309e-03 7.729141e-22)	(2.587835e+01 3.339784e-03 0.000000e+00)	(-6.232784e-03 4.915244e-04 7.729141e-22)
21.75         	(2.586692e+01 3.863648e-03 7.724595e-22)	(2.587315e+01 3.371557e-03 0.000000e+00)	(-6.231373e-03 4.920906e-04 7.724595e-22)
21.775        	(2.586144e+01 3.803569e-03 7.720096e-22)	(2.586768e+01 3.311131e-03 0.000000e+00)	(-6.232179e-03 4.924374e-04 7.720096e-22)
21.8          	(2.585615e+01 3.883716e-03 7.715568e-22)	(2.586238e+01 3.390644e-03 0.000000e+00)	(-6.235172e-03 4.930719e-04 7.715568e-22)
21.825        	(2.585032e+01 3.788871e-03 7.711054e-22)	(2.585656e+01 3.295473e-03 0.000000e+00)	(-6.240475e-03 4.933987e-04 7.711054e-22)
21.85         	(2.584466e+01 3.875988e-03 7.706531e-22)	(2.585091e+01 3.382017e-03 0.000000e+00)	(-6.248315e-03 4.939705e-04 7.706531e-22)
21.875        	(2.583850e+01 3.838673e-03 7.701982e-22)	(2.584476e+01 3.344098e-03 0.000000e+00)	(-6.259043e-03 4.945752e-04 7.701982e-22)
21.9          	(2.583258e+01 3.876908e-03 7.697479e-22)	(2.583886e+01 3.381736e-03 0.000000e+00)	(-6.272290e-03 4.951717e-04 7.697479e-22)
21.925        	(2.582628e+01 3.820784e-03 7.692927e-22)	(2.583257e+01 3.325237e-03 0.000000e+00)	(-6.288122e-03 4.955472e-04 7.692927e-22)
21.95         	(2.582018e+01 3.777470e-03 7.688431e-22)	(2.582649e+01 3.281872e-03 0.000000e+00)	(-6.305892e-03 4.955981e-04 7.688431e-22)
21.975        	(2.581369e+01 3.957208e-03 7.683945e-22)	(2.582001e+01 3.460634e-03 0.000000e+00)	(-6.325653e-03 4.965735e-04 7.683945e-22)
