# Moment      
# CofR        : (0.000000e+00 0.000000e+00 0.000000e+00)
#
# Time        	(total_x total_y total_z)	(pressure_x pressure_y pressure_z)	(viscous_x viscous_y viscous_z)
12.025        	(-2.496613e-03 1.465030e+01 -9.114948e-03)	(-2.298945e-03 1.461549e+01 -1.050679e-02)	(-1.976681e-04 3.481335e-02 1.391843e-03)
12.05         	(-2.532512e-03 1.464979e+01 -1.022956e-02)	(-2.333624e-03 1.461477e+01 -1.161321e-02)	(-1.988888e-04 3.502466e-02 1.383654e-03)
12.075        	(-2.493354e-03 1.465055e+01 -1.021470e-02)	(-2.293739e-03 1.461533e+01 -1.159406e-02)	(-1.996150e-04 3.522114e-02 1.379360e-03)
12.1          	(-2.472873e-03 1.464861e+01 -1.108442e-02)	(-2.272540e-03 1.461321e+01 -1.245927e-02)	(-2.003336e-04 3.540219e-02 1.374856e-03)
12.125        	(-2.426459e-03 1.464720e+01 -1.113945e-02)	(-2.225103e-03 1.461164e+01 -1.250236e-02)	(-2.013564e-04 3.556749e-02 1.362914e-03)
12.15         	(-2.531269e-03 1.464388e+01 -1.141419e-02)	(-2.328326e-03 1.460817e+01 -1.276111e-02)	(-2.029425e-04 3.571588e-02 1.346925e-03)
12.175        	(-2.358159e-03 1.464139e+01 -1.121657e-02)	(-2.154430e-03 1.460553e+01 -1.255004e-02)	(-2.037289e-04 3.585057e-02 1.333472e-03)
12.2          	(-2.493842e-03 1.463538e+01 -1.148935e-02)	(-2.289220e-03 1.459941e+01 -1.281175e-02)	(-2.046218e-04 3.596975e-02 1.322402e-03)
12.225        	(-2.395452e-03 1.463163e+01 -1.095655e-02)	(-2.189662e-03 1.459556e+01 -1.226931e-02)	(-2.057901e-04 3.607572e-02 1.312754e-03)
12.25         	(-2.528024e-03 1.462736e+01 -1.161778e-02)	(-2.320630e-03 1.459119e+01 -1.291911e-02)	(-2.073941e-04 3.616987e-02 1.301330e-03)
12.275        	(-2.420460e-03 1.462381e+01 -1.076773e-02)	(-2.211898e-03 1.458756e+01 -1.205956e-02)	(-2.085615e-04 3.625316e-02 1.291828e-03)
12.3          	(-2.542987e-03 1.461860e+01 -1.118086e-02)	(-2.333343e-03 1.458227e+01 -1.246640e-02)	(-2.096447e-04 3.632829e-02 1.285541e-03)
12.325        	(-2.483036e-03 1.461377e+01 -1.125476e-02)	(-2.272331e-03 1.457737e+01 -1.252868e-02)	(-2.107052e-04 3.639280e-02 1.273922e-03)
12.35         	(-2.550373e-03 1.460813e+01 -1.108553e-02)	(-2.338338e-03 1.457169e+01 -1.234753e-02)	(-2.120353e-04 3.644105e-02 1.262003e-03)
12.375        	(-2.461123e-03 1.460152e+01 -1.134278e-02)	(-2.248127e-03 1.456505e+01 -1.259295e-02)	(-2.129955e-04 3.647298e-02 1.250165e-03)
12.4          	(-2.521274e-03 1.459572e+01 -1.140372e-02)	(-2.307246e-03 1.455923e+01 -1.264173e-02)	(-2.140275e-04 3.649240e-02 1.238015e-03)
12.425        	(-2.357861e-03 1.458710e+01 -1.167892e-02)	(-2.143409e-03 1.455061e+01 -1.290455e-02)	(-2.144523e-04 3.649632e-02 1.225626e-03)
12.45         	(-2.524038e-03 1.457966e+01 -1.165773e-02)	(-2.308510e-03 1.454317e+01 -1.287221e-02)	(-2.155286e-04 3.648736e-02 1.214480e-03)
12.475        	(-2.479483e-03 1.457195e+01 -1.118570e-02)	(-2.262753e-03 1.453549e+01 -1.238920e-02)	(-2.167299e-04 3.646609e-02 1.203496e-03)
12.5          	(-2.491618e-03 1.456499e+01 -1.122474e-02)	(-2.273859e-03 1.452855e+01 -1.241805e-02)	(-2.177590e-04 3.643346e-02 1.193310e-03)
12.525        	(-2.438449e-03 1.455673e+01 -1.172952e-02)	(-2.219979e-03 1.452035e+01 -1.291058e-02)	(-2.184705e-04 3.638865e-02 1.181058e-03)
12.55         	(-2.593934e-03 1.454841e+01 -1.189582e-02)	(-2.373828e-03 1.451208e+01 -1.306279e-02)	(-2.201061e-04 3.633090e-02 1.166966e-03)
12.575        	(-2.488721e-03 1.453974e+01 -1.181281e-02)	(-2.267205e-03 1.450348e+01 -1.296815e-02)	(-2.215158e-04 3.626054e-02 1.155338e-03)
12.6          	(-2.551549e-03 1.453082e+01 -1.187736e-02)	(-2.328743e-03 1.449465e+01 -1.302017e-02)	(-2.228052e-04 3.617915e-02 1.142802e-03)
12.625        	(-2.436089e-03 1.452090e+01 -1.209752e-02)	(-2.212547e-03 1.448481e+01 -1.322884e-02)	(-2.235422e-04 3.608662e-02 1.131327e-03)
12.65         	(-2.535523e-03 1.451169e+01 -1.212013e-02)	(-2.310890e-03 1.447570e+01 -1.323942e-02)	(-2.246337e-04 3.598430e-02 1.119282e-03)
12.675        	(-2.373816e-03 1.450074e+01 -1.246730e-02)	(-2.148687e-03 1.446487e+01 -1.357286e-02)	(-2.251288e-04 3.586895e-02 1.105559e-03)
12.7          	(-2.559893e-03 1.448838e+01 -1.240592e-02)	(-2.333493e-03 1.445264e+01 -1.349732e-02)	(-2.264003e-04 3.573890e-02 1.091394e-03)
12.725        	(-2.436444e-03 1.447851e+01 -1.194076e-02)	(-2.209120e-03 1.444292e+01 -1.302150e-02)	(-2.273243e-04 3.559952e-02 1.080732e-03)
12.75         	(-2.532248e-03 1.446782e+01 -1.184090e-02)	(-2.303858e-03 1.443237e+01 -1.291152e-02)	(-2.283898e-04 3.545144e-02 1.070615e-03)
12.775        	(-2.422528e-03 1.445706e+01 -1.274267e-02)	(-2.193452e-03 1.442176e+01 -1.380184e-02)	(-2.290764e-04 3.529435e-02 1.059162e-03)
12.8          	(-2.528649e-03 1.444534e+01 -1.221983e-02)	(-2.298445e-03 1.441021e+01 -1.326570e-02)	(-2.302048e-04 3.512754e-02 1.045864e-03)
12.825        	(-2.477354e-03 1.443374e+01 -1.265642e-02)	(-2.246066e-03 1.439879e+01 -1.368873e-02)	(-2.312876e-04 3.495049e-02 1.032310e-03)
12.85         	(-2.529119e-03 1.442232e+01 -1.261067e-02)	(-2.296321e-03 1.438756e+01 -1.363863e-02)	(-2.327980e-04 3.476387e-02 1.027959e-03)
12.875        	(-2.487044e-03 1.440943e+01 -1.214179e-02)	(-2.252786e-03 1.437487e+01 -1.316494e-02)	(-2.342588e-04 3.456629e-02 1.023152e-03)
12.9          	(-2.534940e-03 1.439718e+01 -1.246701e-02)	(-2.299132e-03 1.436282e+01 -1.348081e-02)	(-2.358085e-04 3.435945e-02 1.013804e-03)
12.925        	(-2.421607e-03 1.438436e+01 -1.215597e-02)	(-2.184832e-03 1.435022e+01 -1.316056e-02)	(-2.367744e-04 3.414394e-02 1.004593e-03)
12.95         	(-2.535609e-03 1.437121e+01 -1.211086e-02)	(-2.297442e-03 1.433729e+01 -1.310443e-02)	(-2.381665e-04 3.391807e-02 9.935773e-04)
12.975        	(-2.379525e-03 1.435701e+01 -1.349383e-02)	(-2.140719e-03 1.432333e+01 -1.447283e-02)	(-2.388066e-04 3.368117e-02 9.789937e-04)
13            	(-2.607153e-03 1.434327e+01 -1.153582e-02)	(-2.366682e-03 1.430984e+01 -1.250563e-02)	(-2.404714e-04 3.343492e-02 9.698134e-04)
13.025        	(-2.322384e-03 1.432988e+01 -1.310297e-02)	(-2.081506e-03 1.429670e+01 -1.406154e-02)	(-2.408777e-04 3.318099e-02 9.585649e-04)
13.05         	(-2.564094e-03 1.431562e+01 -1.214084e-02)	(-2.322062e-03 1.428270e+01 -1.308856e-02)	(-2.420317e-04 3.291873e-02 9.477250e-04)
13.075        	(-2.424058e-03 1.430203e+01 -1.226896e-02)	(-2.181102e-03 1.426938e+01 -1.320791e-02)	(-2.429562e-04 3.264860e-02 9.389504e-04)
13.1          	(-2.511966e-03 1.428842e+01 -1.312267e-02)	(-2.268025e-03 1.425605e+01 -1.404847e-02)	(-2.439406e-04 3.237212e-02 9.257994e-04)
13.125        	(-2.426560e-03 1.427352e+01 -1.309249e-02)	(-2.181375e-03 1.424144e+01 -1.400418e-02)	(-2.451853e-04 3.208794e-02 9.116896e-04)
13.15         	(-2.528941e-03 1.425865e+01 -1.304702e-02)	(-2.282418e-03 1.422686e+01 -1.394546e-02)	(-2.465231e-04 3.179331e-02 8.984330e-04)
13.175        	(-2.466104e-03 1.424420e+01 -1.318176e-02)	(-2.218541e-03 1.421271e+01 -1.406862e-02)	(-2.475630e-04 3.149244e-02 8.868628e-04)
13.2          	(-2.490601e-03 1.422910e+01 -1.314787e-02)	(-2.241910e-03 1.419791e+01 -1.402387e-02)	(-2.486915e-04 3.118586e-02 8.760030e-04)
13.225        	(-2.418384e-03 1.421414e+01 -1.332827e-02)	(-2.168887e-03 1.418327e+01 -1.419517e-02)	(-2.494976e-04 3.087376e-02 8.668987e-04)
13.25         	(-2.511228e-03 1.419913e+01 -1.375908e-02)	(-2.260797e-03 1.416858e+01 -1.461431e-02)	(-2.504317e-04 3.055658e-02 8.552314e-04)
13.275        	(-2.391305e-03 1.418347e+01 -1.329198e-02)	(-2.140090e-03 1.415324e+01 -1.413230e-02)	(-2.512157e-04 3.023097e-02 8.403211e-04)
13.3          	(-2.507297e-03 1.416809e+01 -1.389878e-02)	(-2.254973e-03 1.413819e+01 -1.472885e-02)	(-2.523235e-04 2.989789e-02 8.300650e-04)
13.325        	(-2.428021e-03 1.415263e+01 -1.312511e-02)	(-2.174816e-03 1.412307e+01 -1.394444e-02)	(-2.532044e-04 2.955921e-02 8.193282e-04)
13.35         	(-2.541742e-03 1.413722e+01 -1.427651e-02)	(-2.287208e-03 1.410800e+01 -1.508060e-02)	(-2.545340e-04 2.921170e-02 8.040866e-04)
13.375        	(-2.408879e-03 1.412135e+01 -1.398954e-02)	(-2.153598e-03 1.409250e+01 -1.477957e-02)	(-2.552813e-04 2.885892e-02 7.900280e-04)
13.4          	(-2.528778e-03 1.410570e+01 -1.381831e-02)	(-2.272373e-03 1.407720e+01 -1.459717e-02)	(-2.564045e-04 2.850297e-02 7.788568e-04)
13.425        	(-2.394730e-03 1.408934e+01 -1.426961e-02)	(-2.137301e-03 1.406119e+01 -1.503662e-02)	(-2.574290e-04 2.814225e-02 7.670144e-04)
13.45         	(-2.492575e-03 1.407350e+01 -1.403232e-02)	(-2.234276e-03 1.404573e+01 -1.478884e-02)	(-2.582987e-04 2.777697e-02 7.565205e-04)
13.475        	(-2.384023e-03 1.405728e+01 -1.455948e-02)	(-2.125196e-03 1.402988e+01 -1.530492e-02)	(-2.588272e-04 2.740682e-02 7.454442e-04)
13.5          	(-2.454632e-03 1.404122e+01 -1.459850e-02)	(-2.194942e-03 1.401419e+01 -1.533347e-02)	(-2.596897e-04 2.703214e-02 7.349693e-04)
13.525        	(-2.394765e-03 1.402474e+01 -1.461434e-02)	(-2.134359e-03 1.399809e+01 -1.533873e-02)	(-2.604065e-04 2.665293e-02 7.243880e-04)
13.55         	(-2.455693e-03 1.400859e+01 -1.477619e-02)	(-2.194378e-03 1.398232e+01 -1.548941e-02)	(-2.613146e-04 2.626960e-02 7.132142e-04)
13.575        	(-2.359954e-03 1.399236e+01 -1.450514e-02)	(-2.098068e-03 1.396648e+01 -1.520608e-02)	(-2.618866e-04 2.588253e-02 7.009357e-04)
13.6          	(-2.476314e-03 1.397585e+01 -1.463767e-02)	(-2.213436e-03 1.395036e+01 -1.532772e-02)	(-2.628782e-04 2.549158e-02 6.900548e-04)
13.625        	(-2.360035e-03 1.395947e+01 -1.502789e-02)	(-2.096532e-03 1.393437e+01 -1.570720e-02)	(-2.635027e-04 2.509716e-02 6.793131e-04)
13.65         	(-2.429553e-03 1.394311e+01 -1.493640e-02)	(-2.165283e-03 1.391841e+01 -1.560711e-02)	(-2.642696e-04 2.469947e-02 6.707167e-04)
13.675        	(-2.423906e-03 1.392649e+01 -1.518944e-02)	(-2.159259e-03 1.390219e+01 -1.584207e-02)	(-2.646474e-04 2.429627e-02 6.526321e-04)
13.7          	(-2.389792e-03 1.391032e+01 -1.505923e-02)	(-2.124692e-03 1.388643e+01 -1.569683e-02)	(-2.650999e-04 2.388639e-02 6.375991e-04)
13.725        	(-2.358002e-03 1.389407e+01 -1.547014e-02)	(-2.092482e-03 1.387060e+01 -1.609462e-02)	(-2.655198e-04 2.347171e-02 6.244802e-04)
13.75         	(-2.411416e-03 1.387733e+01 -1.518074e-02)	(-2.145140e-03 1.385428e+01 -1.579157e-02)	(-2.662764e-04 2.305182e-02 6.108254e-04)
13.775        	(-2.360496e-03 1.386125e+01 -1.530809e-02)	(-2.093653e-03 1.383862e+01 -1.590796e-02)	(-2.668425e-04 2.262930e-02 5.998627e-04)
13.8          	(-2.406048e-03 1.384465e+01 -1.548314e-02)	(-2.138495e-03 1.382245e+01 -1.607238e-02)	(-2.675536e-04 2.220377e-02 5.892439e-04)
13.825        	(-2.346988e-03 1.382837e+01 -1.560108e-02)	(-2.078920e-03 1.380660e+01 -1.617976e-02)	(-2.680680e-04 2.177557e-02 5.786780e-04)
13.85         	(-2.352939e-03 1.381200e+01 -1.611770e-02)	(-2.084398e-03 1.379066e+01 -1.668354e-02)	(-2.685408e-04 2.134442e-02 5.658390e-04)
13.875        	(-2.355786e-03 1.379534e+01 -1.570741e-02)	(-2.086667e-03 1.377443e+01 -1.626528e-02)	(-2.691191e-04 2.090999e-02 5.578657e-04)
13.9          	(-2.343590e-03 1.377918e+01 -1.591373e-02)	(-2.073888e-03 1.375871e+01 -1.646230e-02)	(-2.697019e-04 2.047445e-02 5.485741e-04)
13.925        	(-2.333411e-03 1.376287e+01 -1.592380e-02)	(-2.063141e-03 1.374283e+01 -1.646120e-02)	(-2.702697e-04 2.003741e-02 5.374066e-04)
13.95         	(-2.336464e-03 1.374668e+01 -1.598201e-02)	(-2.065650e-03 1.372708e+01 -1.650871e-02)	(-2.708143e-04 1.959866e-02 5.267006e-04)
13.975        	(-2.340289e-03 1.373056e+01 -1.606509e-02)	(-2.068916e-03 1.371140e+01 -1.658272e-02)	(-2.713731e-04 1.915833e-02 5.176239e-04)
14            	(-2.307578e-03 1.371455e+01 -1.593280e-02)	(-2.035767e-03 1.369583e+01 -1.644176e-02)	(-2.718109e-04 1.871722e-02 5.089663e-04)
14.025        	(-2.312725e-03 1.369883e+01 -1.626877e-02)	(-2.040520e-03 1.368055e+01 -1.676748e-02)	(-2.722046e-04 1.827501e-02 4.987077e-04)
14.05         	(-2.294359e-03 1.368252e+01 -1.651921e-02)	(-2.021836e-03 1.366469e+01 -1.700829e-02)	(-2.725231e-04 1.783080e-02 4.890795e-04)
14.075        	(-2.316769e-03 1.366671e+01 -1.652684e-02)	(-2.043730e-03 1.364932e+01 -1.700650e-02)	(-2.730387e-04 1.738554e-02 4.796598e-04)
14.1          	(-2.279520e-03 1.365090e+01 -1.658164e-02)	(-2.006050e-03 1.363396e+01 -1.705178e-02)	(-2.734707e-04 1.693960e-02 4.701471e-04)
14.125        	(-2.307177e-03 1.363508e+01 -1.645781e-02)	(-2.033164e-03 1.361859e+01 -1.691825e-02)	(-2.740133e-04 1.649314e-02 4.604423e-04)
14.15         	(-2.272186e-03 1.361950e+01 -1.675294e-02)	(-1.997770e-03 1.360345e+01 -1.720363e-02)	(-2.744164e-04 1.604641e-02 4.506887e-04)
14.175        	(-2.318922e-03 1.360406e+01 -1.643660e-02)	(-2.043927e-03 1.358846e+01 -1.687871e-02)	(-2.749948e-04 1.559938e-02 4.421106e-04)
14.2          	(-2.222927e-03 1.358863e+01 -1.716569e-02)	(-1.947817e-03 1.357348e+01 -1.759917e-02)	(-2.751100e-04 1.515196e-02 4.334793e-04)
14.225        	(-2.274929e-03 1.357324e+01 -1.669741e-02)	(-1.999500e-03 1.355854e+01 -1.712224e-02)	(-2.754287e-04 1.470460e-02 4.248317e-04)
14.25         	(-2.242883e-03 1.355786e+01 -1.690971e-02)	(-1.967088e-03 1.354360e+01 -1.732592e-02)	(-2.757951e-04 1.425715e-02 4.162133e-04)
14.275        	(-2.269252e-03 1.354264e+01 -1.690318e-02)	(-1.993067e-03 1.352883e+01 -1.731184e-02)	(-2.761846e-04 1.380969e-02 4.086612e-04)
14.3          	(-2.219130e-03 1.352769e+01 -1.714616e-02)	(-1.942731e-03 1.351433e+01 -1.754665e-02)	(-2.763993e-04 1.336286e-02 4.004841e-04)
14.325        	(-2.247228e-03 1.351253e+01 -1.710408e-02)	(-1.970441e-03 1.349962e+01 -1.749685e-02)	(-2.767872e-04 1.291634e-02 3.927677e-04)
14.35         	(-2.196953e-03 1.349773e+01 -1.690586e-02)	(-1.920390e-03 1.348526e+01 -1.728547e-02)	(-2.765637e-04 1.246928e-02 3.796090e-04)
14.375        	(-2.179424e-03 1.348303e+01 -1.696056e-02)	(-1.902779e-03 1.347100e+01 -1.733231e-02)	(-2.766443e-04 1.202272e-02 3.717447e-04)
14.4          	(-2.260470e-03 1.346850e+01 -1.737207e-02)	(-1.983267e-03 1.345692e+01 -1.773582e-02)	(-2.772037e-04 1.157719e-02 3.637420e-04)
14.425        	(-2.145292e-03 1.345427e+01 -1.725160e-02)	(-1.868081e-03 1.344314e+01 -1.760814e-02)	(-2.772114e-04 1.113298e-02 3.565404e-04)
14.45         	(-2.263971e-03 1.343993e+01 -1.735446e-02)	(-1.986267e-03 1.342924e+01 -1.770425e-02)	(-2.777040e-04 1.069002e-02 3.497890e-04)
14.475        	(-2.126634e-03 1.342572e+01 -1.731788e-02)	(-1.848888e-03 1.341547e+01 -1.766068e-02)	(-2.777456e-04 1.024847e-02 3.428064e-04)
14.5          	(-2.238832e-03 1.341180e+01 -1.736405e-02)	(-1.960718e-03 1.340199e+01 -1.769991e-02)	(-2.781139e-04 9.808680e-03 3.358573e-04)
14.525        	(-2.124037e-03 1.339766e+01 -1.746521e-02)	(-1.845883e-03 1.338829e+01 -1.779424e-02)	(-2.781536e-04 9.370252e-03 3.290316e-04)
14.55         	(-2.221071e-03 1.338398e+01 -1.740628e-02)	(-1.942588e-03 1.337505e+01 -1.772883e-02)	(-2.784837e-04 8.933778e-03 3.225488e-04)
14.575        	(-2.107926e-03 1.337036e+01 -1.756200e-02)	(-1.829435e-03 1.336186e+01 -1.787795e-02)	(-2.784903e-04 8.499289e-03 3.159522e-04)
14.6          	(-2.178784e-03 1.335694e+01 -1.742597e-02)	(-1.900136e-03 1.334888e+01 -1.773617e-02)	(-2.786487e-04 8.066804e-03 3.101938e-04)
14.625        	(-2.119852e-03 1.334334e+01 -1.753808e-02)	(-1.841143e-03 1.333570e+01 -1.784257e-02)	(-2.787094e-04 7.636065e-03 3.044881e-04)
14.65         	(-2.134169e-03 1.333019e+01 -1.743160e-02)	(-1.855430e-03 1.332298e+01 -1.773073e-02)	(-2.787399e-04 7.207734e-03 2.991258e-04)
14.675        	(-2.132131e-03 1.331732e+01 -1.755526e-02)	(-1.853272e-03 1.331054e+01 -1.784890e-02)	(-2.788585e-04 6.782279e-03 2.936496e-04)
14.7          	(-2.086802e-03 1.330442e+01 -1.762788e-02)	(-1.808032e-03 1.329806e+01 -1.791589e-02)	(-2.787705e-04 6.359353e-03 2.880088e-04)
14.725        	(-2.159151e-03 1.329144e+01 -1.762339e-02)	(-1.880129e-03 1.328550e+01 -1.790586e-02)	(-2.790224e-04 5.938601e-03 2.824689e-04)
14.75         	(-2.045770e-03 1.327870e+01 -1.758694e-02)	(-1.766905e-03 1.327318e+01 -1.786413e-02)	(-2.788656e-04 5.520128e-03 2.771869e-04)
14.775        	(-2.219015e-03 1.326653e+01 -1.772131e-02)	(-1.939630e-03 1.326142e+01 -1.799378e-02)	(-2.793845e-04 5.104810e-03 2.724716e-04)
14.8          	(-2.012376e-03 1.325416e+01 -1.793837e-02)	(-1.733193e-03 1.324947e+01 -1.820542e-02)	(-2.791832e-04 4.692352e-03 2.670459e-04)
14.825        	(-2.181059e-03 1.324183e+01 -1.762012e-02)	(-1.901643e-03 1.323755e+01 -1.788247e-02)	(-2.794161e-04 4.282543e-03 2.623496e-04)
14.85         	(-2.002447e-03 1.322994e+01 -1.777484e-02)	(-1.723336e-03 1.322606e+01 -1.803267e-02)	(-2.791115e-04 3.875937e-03 2.578261e-04)
14.875        	(-2.172116e-03 1.321808e+01 -1.759900e-02)	(-1.892735e-03 1.321461e+01 -1.785255e-02)	(-2.793814e-04 3.472581e-03 2.535467e-04)
14.9          	(-1.985741e-03 1.320648e+01 -1.769995e-02)	(-1.706683e-03 1.320340e+01 -1.794967e-02)	(-2.790578e-04 3.072567e-03 2.497143e-04)
14.925        	(-2.175352e-03 1.319519e+01 -1.757144e-02)	(-1.895995e-03 1.319251e+01 -1.781752e-02)	(-2.793572e-04 2.676328e-03 2.460723e-04)
14.95         	(-1.981067e-03 1.318390e+01 -1.790205e-02)	(-1.702040e-03 1.318162e+01 -1.814287e-02)	(-2.790272e-04 2.283067e-03 2.408229e-04)
14.975        	(-2.134550e-03 1.317253e+01 -1.755306e-02)	(-1.855408e-03 1.317064e+01 -1.778964e-02)	(-2.791421e-04 1.892091e-03 2.365779e-04)
15            	(-1.968193e-03 1.316162e+01 -1.779973e-02)	(-1.689419e-03 1.316012e+01 -1.803229e-02)	(-2.787745e-04 1.504357e-03 2.325602e-04)
15.025        	(-2.139882e-03 1.315057e+01 -1.743446e-02)	(-1.860899e-03 1.314945e+01 -1.766386e-02)	(-2.789830e-04 1.119793e-03 2.293995e-04)
15.05         	(-1.948940e-03 1.313989e+01 -1.778098e-02)	(-1.670365e-03 1.313915e+01 -1.800681e-02)	(-2.785745e-04 7.387850e-04 2.258267e-04)
15.075        	(-2.076299e-03 1.312940e+01 -1.746004e-02)	(-1.797875e-03 1.312904e+01 -1.768309e-02)	(-2.784245e-04 3.616014e-04 2.230489e-04)
15.1          	(-1.986504e-03 1.311901e+01 -1.768906e-02)	(-1.708327e-03 1.311902e+01 -1.790892e-02)	(-2.781773e-04 -1.188063e-05 2.198564e-04)
15.125        	(-2.079034e-03 1.310878e+01 -1.747626e-02)	(-1.800752e-03 1.310916e+01 -1.769300e-02)	(-2.782827e-04 -3.815046e-04 2.167342e-04)
15.15         	(-1.977211e-03 1.309870e+01 -1.746822e-02)	(-1.699173e-03 1.309945e+01 -1.768226e-02)	(-2.780381e-04 -7.472972e-04 2.140421e-04)
15.175        	(-2.121915e-03 1.308911e+01 -1.741540e-02)	(-1.843625e-03 1.309022e+01 -1.762697e-02)	(-2.782905e-04 -1.108770e-03 2.115647e-04)
15.2          	(-1.926376e-03 1.307917e+01 -1.747364e-02)	(-1.648570e-03 1.308064e+01 -1.768269e-02)	(-2.778064e-04 -1.466583e-03 2.090470e-04)
15.225        	(-2.064723e-03 1.306971e+01 -1.741325e-02)	(-1.787054e-03 1.307153e+01 -1.761987e-02)	(-2.776693e-04 -1.820050e-03 2.066176e-04)
15.25         	(-1.950033e-03 1.306024e+01 -1.746377e-02)	(-1.672693e-03 1.306241e+01 -1.766804e-02)	(-2.773407e-04 -2.169521e-03 2.042650e-04)
15.275        	(-2.039836e-03 1.305116e+01 -1.732483e-02)	(-1.762589e-03 1.305367e+01 -1.752692e-02)	(-2.772469e-04 -2.515005e-03 2.020863e-04)
15.3          	(-1.952155e-03 1.304206e+01 -1.736390e-02)	(-1.675236e-03 1.304491e+01 -1.756410e-02)	(-2.769188e-04 -2.856232e-03 2.001965e-04)
15.325        	(-2.052514e-03 1.303310e+01 -1.714497e-02)	(-1.775579e-03 1.303630e+01 -1.734344e-02)	(-2.769349e-04 -3.193431e-03 1.984664e-04)
15.35         	(-1.924743e-03 1.302451e+01 -1.740461e-02)	(-1.648241e-03 1.302803e+01 -1.760099e-02)	(-2.765022e-04 -3.526126e-03 1.963839e-04)
15.375        	(-2.070461e-03 1.301548e+01 -1.710808e-02)	(-1.793885e-03 1.301933e+01 -1.730338e-02)	(-2.765759e-04 -3.854709e-03 1.953026e-04)
15.4          	(-1.898330e-03 1.300728e+01 -1.724297e-02)	(-1.622271e-03 1.301146e+01 -1.743716e-02)	(-2.760593e-04 -4.178828e-03 1.941970e-04)
15.425        	(-2.063301e-03 1.299895e+01 -1.694561e-02)	(-1.787242e-03 1.300345e+01 -1.713893e-02)	(-2.760586e-04 -4.498452e-03 1.933227e-04)
15.45         	(-1.874814e-03 1.299080e+01 -1.714102e-02)	(-1.599366e-03 1.299561e+01 -1.733327e-02)	(-2.754479e-04 -4.813517e-03 1.922430e-04)
15.475        	(-2.088071e-03 1.298265e+01 -1.707034e-02)	(-1.812497e-03 1.298777e+01 -1.726111e-02)	(-2.755737e-04 -5.123854e-03 1.907761e-04)
15.5          	(-1.859976e-03 1.297504e+01 -1.688368e-02)	(-1.585014e-03 1.298047e+01 -1.707395e-02)	(-2.749615e-04 -5.429464e-03 1.902687e-04)
15.525        	(-2.101248e-03 1.296727e+01 -1.675798e-02)	(-1.826130e-03 1.297300e+01 -1.694776e-02)	(-2.751173e-04 -5.730813e-03 1.897810e-04)
15.55         	(-1.878920e-03 1.296005e+01 -1.668811e-02)	(-1.604277e-03 1.296608e+01 -1.687764e-02)	(-2.746425e-04 -6.027120e-03 1.895287e-04)
15.575        	(-1.963017e-03 1.295266e+01 -1.690857e-02)	(-1.688922e-03 1.295898e+01 -1.709733e-02)	(-2.740956e-04 -6.318766e-03 1.887625e-04)
15.6          	(-1.970420e-03 1.294518e+01 -1.659593e-02)	(-1.696498e-03 1.295179e+01 -1.678467e-02)	(-2.739221e-04 -6.606168e-03 1.887374e-04)
15.625        	(-1.915591e-03 1.293828e+01 -1.656966e-02)	(-1.642147e-03 1.294517e+01 -1.675858e-02)	(-2.734441e-04 -6.888570e-03 1.889211e-04)
15.65         	(-2.016099e-03 1.293086e+01 -1.630082e-02)	(-1.742708e-03 1.293803e+01 -1.649044e-02)	(-2.733914e-04 -7.166860e-03 1.896233e-04)
15.675        	(-1.876014e-03 1.292446e+01 -1.626484e-02)	(-1.603649e-03 1.293190e+01 -1.644947e-02)	(-2.723649e-04 -7.440617e-03 1.846287e-04)
15.7          	(-2.041035e-03 1.291794e+01 -1.607731e-02)	(-1.768850e-03 1.292565e+01 -1.625982e-02)	(-2.721855e-04 -7.710880e-03 1.825156e-04)
15.725        	(-1.824110e-03 1.291108e+01 -1.596401e-02)	(-1.552702e-03 1.291906e+01 -1.614738e-02)	(-2.714083e-04 -7.977486e-03 1.833762e-04)
15.75         	(-2.084990e-03 1.290489e+01 -1.631633e-02)	(-1.813459e-03 1.291313e+01 -1.649987e-02)	(-2.715311e-04 -8.238983e-03 1.835415e-04)
15.775        	(-1.816291e-03 1.289859e+01 -1.560775e-02)	(-1.545479e-03 1.290709e+01 -1.579290e-02)	(-2.708121e-04 -8.495619e-03 1.851553e-04)
15.8          	(-2.023436e-03 1.289271e+01 -1.606793e-02)	(-1.752871e-03 1.290146e+01 -1.625424e-02)	(-2.705655e-04 -8.747122e-03 1.863031e-04)
15.825        	(-1.862715e-03 1.288712e+01 -1.576830e-02)	(-1.592724e-03 1.289611e+01 -1.595604e-02)	(-2.699906e-04 -8.993210e-03 1.877408e-04)
15.85         	(-2.012725e-03 1.288117e+01 -1.570269e-02)	(-1.742903e-03 1.289040e+01 -1.589197e-02)	(-2.698221e-04 -9.234570e-03 1.892815e-04)
15.875        	(-1.868752e-03 1.287509e+01 -1.590443e-02)	(-1.599505e-03 1.288456e+01 -1.609316e-02)	(-2.692470e-04 -9.472134e-03 1.887313e-04)
15.9          	(-1.998563e-03 1.286963e+01 -1.542679e-02)	(-1.729484e-03 1.287933e+01 -1.561730e-02)	(-2.690790e-04 -9.704498e-03 1.905094e-04)
15.925        	(-1.858243e-03 1.286405e+01 -1.540445e-02)	(-1.589821e-03 1.287398e+01 -1.559803e-02)	(-2.684221e-04 -9.931983e-03 1.935836e-04)
15.95         	(-2.021144e-03 1.285877e+01 -1.526793e-02)	(-1.752791e-03 1.286893e+01 -1.546386e-02)	(-2.683527e-04 -1.015415e-02 1.959309e-04)
15.975        	(-1.796741e-03 1.285338e+01 -1.505530e-02)	(-1.529315e-03 1.286375e+01 -1.525324e-02)	(-2.674258e-04 -1.037185e-02 1.979419e-04)
16            	(-2.077392e-03 1.284862e+01 -1.544888e-02)	(-1.809891e-03 1.285921e+01 -1.564916e-02)	(-2.675012e-04 -1.058381e-02 2.002881e-04)
16.025        	(-1.822458e-03 1.284395e+01 -1.459486e-02)	(-1.555576e-03 1.285474e+01 -1.479851e-02)	(-2.668820e-04 -1.079045e-02 2.036570e-04)
16.05         	(-2.023995e-03 1.283893e+01 -1.505872e-02)	(-1.757279e-03 1.284993e+01 -1.526430e-02)	(-2.667158e-04 -1.099232e-02 2.055884e-04)
16.075        	(-1.829266e-03 1.283428e+01 -1.441794e-02)	(-1.563306e-03 1.284547e+01 -1.462705e-02)	(-2.659607e-04 -1.118962e-02 2.091014e-04)
16.1          	(-2.026759e-03 1.282970e+01 -1.486286e-02)	(-1.760974e-03 1.284108e+01 -1.507418e-02)	(-2.657853e-04 -1.138203e-02 2.113271e-04)
16.125        	(-1.836591e-03 1.282518e+01 -1.448731e-02)	(-1.571505e-03 1.283675e+01 -1.470144e-02)	(-2.650860e-04 -1.156958e-02 2.141232e-04)
16.15         	(-2.007774e-03 1.282082e+01 -1.440779e-02)	(-1.742907e-03 1.283258e+01 -1.462494e-02)	(-2.648674e-04 -1.175222e-02 2.171500e-04)
16.175        	(-1.859553e-03 1.281666e+01 -1.426998e-02)	(-1.595318e-03 1.282859e+01 -1.449027e-02)	(-2.642352e-04 -1.192990e-02 2.202888e-04)
16.2          	(-1.951672e-03 1.281272e+01 -1.368781e-02)	(-1.687695e-03 1.282482e+01 -1.391107e-02)	(-2.639777e-04 -1.210270e-02 2.232529e-04)
16.225        	(-1.776731e-03 1.280851e+01 -1.372358e-02)	(-1.513651e-03 1.282078e+01 -1.395091e-02)	(-2.630793e-04 -1.227074e-02 2.273373e-04)
16.25         	(-2.057133e-03 1.280514e+01 -1.402186e-02)	(-1.794162e-03 1.281757e+01 -1.425355e-02)	(-2.629716e-04 -1.243341e-02 2.316872e-04)
16.275        	(-1.818104e-03 1.280111e+01 -1.391663e-02)	(-1.555933e-03 1.281370e+01 -1.415129e-02)	(-2.621714e-04 -1.259189e-02 2.346548e-04)
16.3          	(-2.004989e-03 1.279736e+01 -1.331357e-02)	(-1.742918e-03 1.281011e+01 -1.355095e-02)	(-2.620703e-04 -1.274582e-02 2.373844e-04)
16.325        	(-1.849550e-03 1.279417e+01 -1.328787e-02)	(-1.587974e-03 1.280706e+01 -1.352906e-02)	(-2.615762e-04 -1.289456e-02 2.411877e-04)
16.35         	(-1.960918e-03 1.279080e+01 -1.314588e-02)	(-1.699715e-03 1.280383e+01 -1.339147e-02)	(-2.612024e-04 -1.303852e-02 2.455845e-04)
16.375        	(-1.922305e-03 1.278787e+01 -1.299996e-02)	(-1.661435e-03 1.280105e+01 -1.325004e-02)	(-2.608702e-04 -1.317728e-02 2.500872e-04)
16.4          	(-1.851313e-03 1.278448e+01 -1.287309e-02)	(-1.591302e-03 1.279779e+01 -1.312808e-02)	(-2.600117e-04 -1.331140e-02 2.549884e-04)
16.425        	(-1.910135e-03 1.278083e+01 -1.299459e-02)	(-1.650753e-03 1.279428e+01 -1.325424e-02)	(-2.593815e-04 -1.344154e-02 2.596498e-04)
16.45         	(-1.973250e-03 1.277774e+01 -1.292739e-02)	(-1.714009e-03 1.279131e+01 -1.319106e-02)	(-2.592404e-04 -1.356715e-02 2.636636e-04)
16.475        	(-1.912886e-03 1.277513e+01 -1.269091e-02)	(-1.654063e-03 1.278882e+01 -1.295900e-02)	(-2.588222e-04 -1.368733e-02 2.680916e-04)
16.5          	(-1.962814e-03 1.277288e+01 -1.258792e-02)	(-1.704360e-03 1.278668e+01 -1.286114e-02)	(-2.584536e-04 -1.380178e-02 2.732198e-04)
16.525        	(-1.910119e-03 1.277015e+01 -1.226885e-02)	(-1.652231e-03 1.278406e+01 -1.254858e-02)	(-2.578887e-04 -1.391145e-02 2.797327e-04)
16.55         	(-1.930321e-03 1.276755e+01 -1.234571e-02)	(-1.673006e-03 1.278156e+01 -1.263293e-02)	(-2.573144e-04 -1.401625e-02 2.872212e-04)
16.575        	(-1.923106e-03 1.276478e+01 -1.215420e-02)	(-1.666379e-03 1.277889e+01 -1.245236e-02)	(-2.567268e-04 -1.411619e-02 2.981688e-04)
16.6          	(-1.930978e-03 1.276238e+01 -1.191545e-02)	(-1.674644e-03 1.277659e+01 -1.221166e-02)	(-2.563345e-04 -1.421241e-02 2.962133e-04)
16.625        	(-1.941992e-03 1.276005e+01 -1.179090e-02)	(-1.686067e-03 1.277435e+01 -1.208723e-02)	(-2.559250e-04 -1.430552e-02 2.963252e-04)
16.65         	(-1.902027e-03 1.275783e+01 -1.154344e-02)	(-1.646778e-03 1.277223e+01 -1.184541e-02)	(-2.552498e-04 -1.439453e-02 3.019665e-04)
16.675        	(-2.003094e-03 1.275607e+01 -1.150210e-02)	(-1.747979e-03 1.277055e+01 -1.180208e-02)	(-2.551144e-04 -1.447922e-02 2.999828e-04)
16.7          	(-1.872661e-03 1.275412e+01 -1.147212e-02)	(-1.618135e-03 1.276868e+01 -1.177480e-02)	(-2.545264e-04 -1.456092e-02 3.026799e-04)
16.725        	(-2.006956e-03 1.275210e+01 -1.160820e-02)	(-1.753120e-03 1.276674e+01 -1.191469e-02)	(-2.538363e-04 -1.463883e-02 3.064881e-04)
16.75         	(-1.902134e-03 1.275020e+01 -1.110115e-02)	(-1.648731e-03 1.276491e+01 -1.141383e-02)	(-2.534034e-04 -1.471267e-02 3.126846e-04)
16.775        	(-2.029857e-03 1.274887e+01 -1.125904e-02)	(-1.776462e-03 1.276365e+01 -1.157724e-02)	(-2.533945e-04 -1.478173e-02 3.181956e-04)
16.8          	(-1.858119e-03 1.274663e+01 -1.074913e-02)	(-1.605500e-03 1.276147e+01 -1.107306e-02)	(-2.526189e-04 -1.484729e-02 3.239284e-04)
16.825        	(-2.017324e-03 1.274511e+01 -1.099438e-02)	(-1.765072e-03 1.276002e+01 -1.132339e-02)	(-2.522511e-04 -1.490903e-02 3.290034e-04)
16.85         	(-1.869710e-03 1.274375e+01 -1.042887e-02)	(-1.618219e-03 1.275872e+01 -1.076370e-02)	(-2.514912e-04 -1.496640e-02 3.348272e-04)
16.875        	(-2.065356e-03 1.274200e+01 -1.101824e-02)	(-1.813945e-03 1.275702e+01 -1.135724e-02)	(-2.514111e-04 -1.502003e-02 3.390008e-04)
16.9          	(-1.886030e-03 1.274141e+01 -1.033228e-02)	(-1.635230e-03 1.275648e+01 -1.067637e-02)	(-2.508003e-04 -1.506901e-02 3.440915e-04)
16.925        	(-1.998068e-03 1.273974e+01 -1.041401e-02)	(-1.747751e-03 1.275485e+01 -1.076369e-02)	(-2.503167e-04 -1.511466e-02 3.496798e-04)
16.95         	(-1.905629e-03 1.273890e+01 -1.024091e-02)	(-1.655965e-03 1.275406e+01 -1.059587e-02)	(-2.496639e-04 -1.515668e-02 3.549578e-04)
16.975        	(-1.965051e-03 1.273758e+01 -9.914511e-03)	(-1.715968e-03 1.275278e+01 -1.027560e-02)	(-2.490832e-04 -1.519511e-02 3.610901e-04)
17            	(-1.974413e-03 1.273727e+01 -9.889198e-03)	(-1.725721e-03 1.275250e+01 -1.025597e-02)	(-2.486919e-04 -1.522892e-02 3.667761e-04)
17.025        	(-1.955860e-03 1.273596e+01 -9.974268e-03)	(-1.707676e-03 1.275122e+01 -1.034582e-02)	(-2.481835e-04 -1.525946e-02 3.715537e-04)
17.05         	(-1.960573e-03 1.273512e+01 -9.652895e-03)	(-1.712878e-03 1.275041e+01 -1.002950e-02)	(-2.476944e-04 -1.528701e-02 3.766016e-04)
17.075        	(-2.004645e-03 1.273437e+01 -1.006730e-02)	(-1.757157e-03 1.274968e+01 -1.044641e-02)	(-2.474884e-04 -1.531114e-02 3.791053e-04)
17.1          	(-1.947578e-03 1.273394e+01 -9.221398e-03)	(-1.700722e-03 1.274927e+01 -9.607038e-03)	(-2.468566e-04 -1.533136e-02 3.856401e-04)
17.125        	(-2.022844e-03 1.273325e+01 -9.729076e-03)	(-1.776264e-03 1.274860e+01 -1.012014e-02)	(-2.465794e-04 -1.534817e-02 3.910675e-04)
17.15         	(-1.924744e-03 1.273293e+01 -9.011713e-03)	(-1.678787e-03 1.274829e+01 -9.408686e-03)	(-2.459571e-04 -1.536160e-02 3.969730e-04)
17.175        	(-2.017081e-03 1.273243e+01 -9.302057e-03)	(-1.771535e-03 1.274780e+01 -9.704492e-03)	(-2.455455e-04 -1.537192e-02 4.024349e-04)
17.2          	(-1.984472e-03 1.273268e+01 -8.971004e-03)	(-1.739313e-03 1.274806e+01 -9.379036e-03)	(-2.451591e-04 -1.537830e-02 4.080324e-04)
17.225        	(-1.922363e-03 1.273204e+01 -8.781481e-03)	(-1.678014e-03 1.274742e+01 -9.195601e-03)	(-2.443494e-04 -1.538180e-02 4.141197e-04)
17.25         	(-1.971279e-03 1.273174e+01 -8.867343e-03)	(-1.727596e-03 1.274712e+01 -9.287381e-03)	(-2.436822e-04 -1.538224e-02 4.200385e-04)
17.275        	(-2.039702e-03 1.273143e+01 -8.865450e-03)	(-1.796189e-03 1.274681e+01 -9.290892e-03)	(-2.435127e-04 -1.537962e-02 4.254418e-04)
17.3          	(-1.978267e-03 1.273188e+01 -8.732731e-03)	(-1.735166e-03 1.274726e+01 -9.163012e-03)	(-2.431011e-04 -1.537343e-02 4.302810e-04)
17.325        	(-2.015399e-03 1.273200e+01 -8.541088e-03)	(-1.772674e-03 1.274736e+01 -8.975742e-03)	(-2.427252e-04 -1.536425e-02 4.346546e-04)
17.35         	(-1.980032e-03 1.273207e+01 -8.488006e-03)	(-1.737777e-03 1.274742e+01 -8.927294e-03)	(-2.422546e-04 -1.535251e-02 4.392880e-04)
17.375        	(-2.006376e-03 1.273232e+01 -8.517213e-03)	(-1.764573e-03 1.274766e+01 -8.961269e-03)	(-2.418037e-04 -1.533791e-02 4.440556e-04)
17.4          	(-1.994595e-03 1.273275e+01 -8.332259e-03)	(-1.753252e-03 1.274807e+01 -8.781066e-03)	(-2.413431e-04 -1.532037e-02 4.488068e-04)
17.425        	(-1.998997e-03 1.273328e+01 -8.153913e-03)	(-1.758128e-03 1.274858e+01 -8.607227e-03)	(-2.408696e-04 -1.529987e-02 4.533134e-04)
17.45         	(-1.960423e-03 1.273324e+01 -7.999223e-03)	(-1.720167e-03 1.274852e+01 -8.458132e-03)	(-2.402560e-04 -1.527710e-02 4.589087e-04)
17.475        	(-2.044457e-03 1.273402e+01 -8.203697e-03)	(-1.804478e-03 1.274927e+01 -8.668175e-03)	(-2.399790e-04 -1.525144e-02 4.644787e-04)
17.5          	(-1.964946e-03 1.273449e+01 -7.900082e-03)	(-1.725484e-03 1.274971e+01 -8.370183e-03)	(-2.394615e-04 -1.522298e-02 4.701004e-04)
17.525        	(-2.061220e-03 1.273537e+01 -8.099397e-03)	(-1.821972e-03 1.275056e+01 -8.574360e-03)	(-2.392483e-04 -1.519169e-02 4.749629e-04)
17.55         	(-1.972284e-03 1.273594e+01 -7.777158e-03)	(-1.733555e-03 1.275110e+01 -8.257813e-03)	(-2.387293e-04 -1.515840e-02 4.806554e-04)
17.575        	(-2.027369e-03 1.273651e+01 -7.897222e-03)	(-1.789099e-03 1.275163e+01 -8.383331e-03)	(-2.382699e-04 -1.512289e-02 4.861089e-04)
17.6          	(-2.036100e-03 1.273756e+01 -7.807069e-03)	(-1.798087e-03 1.275264e+01 -8.298001e-03)	(-2.380134e-04 -1.508443e-02 4.909316e-04)
17.625        	(-2.021781e-03 1.273853e+01 -7.693350e-03)	(-1.784119e-03 1.275358e+01 -8.189078e-03)	(-2.376624e-04 -1.504322e-02 4.957283e-04)
17.65         	(-2.052751e-03 1.273890e+01 -7.665035e-03)	(-1.815317e-03 1.275390e+01 -8.165226e-03)	(-2.374338e-04 -1.499999e-02 5.001912e-04)
17.675        	(-1.964195e-03 1.274026e+01 -7.421329e-03)	(-1.727360e-03 1.275521e+01 -7.926324e-03)	(-2.368348e-04 -1.495411e-02 5.049943e-04)
17.7          	(-2.045768e-03 1.274121e+01 -7.415472e-03)	(-1.809324e-03 1.275612e+01 -7.925839e-03)	(-2.364438e-04 -1.490623e-02 5.103667e-04)
17.725        	(-2.010771e-03 1.274265e+01 -7.370918e-03)	(-1.774757e-03 1.275751e+01 -7.886517e-03)	(-2.360139e-04 -1.485640e-02 5.155989e-04)
17.75         	(-2.001843e-03 1.274345e+01 -7.175006e-03)	(-1.766378e-03 1.275826e+01 -7.695913e-03)	(-2.354646e-04 -1.480476e-02 5.209068e-04)
17.775        	(-2.142783e-03 1.274540e+01 -8.011332e-03)	(-1.907124e-03 1.276015e+01 -8.531600e-03)	(-2.356591e-04 -1.474940e-02 5.202682e-04)
17.8          	(-2.057419e-03 1.274646e+01 -7.917920e-03)	(-1.821923e-03 1.276115e+01 -8.436931e-03)	(-2.354960e-04 -1.469189e-02 5.190107e-04)
17.825        	(-2.097741e-03 1.274806e+01 -7.699051e-03)	(-1.862541e-03 1.276270e+01 -8.218981e-03)	(-2.352006e-04 -1.463247e-02 5.199300e-04)
17.85         	(-2.048191e-03 1.274913e+01 -7.524189e-03)	(-1.813468e-03 1.276371e+01 -8.046634e-03)	(-2.347224e-04 -1.457149e-02 5.224449e-04)
17.875        	(-2.093131e-03 1.275114e+01 -7.766510e-03)	(-1.858742e-03 1.276565e+01 -8.291370e-03)	(-2.343894e-04 -1.450800e-02 5.248609e-04)
17.9          	(-2.088407e-03 1.275238e+01 -7.548786e-03)	(-1.854254e-03 1.276682e+01 -8.076840e-03)	(-2.341527e-04 -1.444282e-02 5.280537e-04)
17.925        	(-1.998256e-03 1.275401e+01 -7.906867e-03)	(-1.764753e-03 1.276839e+01 -8.439449e-03)	(-2.335025e-04 -1.437514e-02 5.325824e-04)
17.95         	(-2.069631e-03 1.275546e+01 -7.495984e-03)	(-1.836559e-03 1.276977e+01 -8.033559e-03)	(-2.330727e-04 -1.430607e-02 5.375743e-04)
17.975        	(-2.102664e-03 1.275734e+01 -8.008143e-03)	(-1.869709e-03 1.277158e+01 -8.548605e-03)	(-2.329555e-04 -1.423526e-02 5.404618e-04)
18            	(-2.082352e-03 1.275905e+01 -7.447130e-03)	(-1.849577e-03 1.277321e+01 -7.991154e-03)	(-2.327757e-04 -1.416282e-02 5.440243e-04)
18.025        	(-2.075787e-03 1.276092e+01 -7.744600e-03)	(-1.843342e-03 1.277501e+01 -8.292012e-03)	(-2.324447e-04 -1.408872e-02 5.474122e-04)
18.05         	(-2.105305e-03 1.276270e+01 -7.611895e-03)	(-1.872981e-03 1.277672e+01 -8.162455e-03)	(-2.323245e-04 -1.401316e-02 5.505604e-04)
18.075        	(-2.089647e-03 1.276485e+01 -7.689086e-03)	(-1.857471e-03 1.277879e+01 -8.242788e-03)	(-2.321757e-04 -1.393622e-02 5.537021e-04)
18.1          	(-2.043755e-03 1.276676e+01 -7.104747e-03)	(-1.812062e-03 1.278061e+01 -7.663301e-03)	(-2.316930e-04 -1.385738e-02 5.585543e-04)
18.125        	(-2.094222e-03 1.276878e+01 -7.422924e-03)	(-1.862853e-03 1.278255e+01 -7.985446e-03)	(-2.313693e-04 -1.377714e-02 5.625221e-04)
18.15         	(-2.120704e-03 1.277068e+01 -7.647035e-03)	(-1.889373e-03 1.278437e+01 -8.211615e-03)	(-2.313309e-04 -1.369566e-02 5.645797e-04)
18.175        	(-2.066739e-03 1.277300e+01 -7.413415e-03)	(-1.835698e-03 1.278661e+01 -7.980628e-03)	(-2.310406e-04 -1.361245e-02 5.672132e-04)
18.2          	(-2.101088e-03 1.277514e+01 -7.170685e-03)	(-1.870294e-03 1.278867e+01 -7.741710e-03)	(-2.307944e-04 -1.352791e-02 5.710250e-04)
18.225        	(-2.085305e-03 1.277747e+01 -7.459133e-03)	(-1.854767e-03 1.279092e+01 -8.033094e-03)	(-2.305383e-04 -1.344174e-02 5.739609e-04)
18.25         	(-2.065117e-03 1.277957e+01 -7.225200e-03)	(-1.834972e-03 1.279292e+01 -7.801983e-03)	(-2.301454e-04 -1.335430e-02 5.767828e-04)
18.275        	(-2.087315e-03 1.278192e+01 -7.532416e-03)	(-1.857451e-03 1.279519e+01 -8.111454e-03)	(-2.298640e-04 -1.326576e-02 5.790374e-04)
18.3          	(-2.116357e-03 1.278411e+01 -7.363733e-03)	(-1.886531e-03 1.279729e+01 -7.944996e-03)	(-2.298256e-04 -1.317629e-02 5.812630e-04)
18.325        	(-2.007525e-03 1.278640e+01 -7.085501e-03)	(-1.778288e-03 1.279948e+01 -7.670214e-03)	(-2.292365e-04 -1.308566e-02 5.847135e-04)
18.35         	(-2.186808e-03 1.278888e+01 -7.755419e-03)	(-1.957405e-03 1.280187e+01 -8.341362e-03)	(-2.294028e-04 -1.299390e-02 5.859427e-04)
18.375        	(-1.989356e-03 1.279106e+01 -7.178254e-03)	(-1.760440e-03 1.280396e+01 -7.766537e-03)	(-2.289160e-04 -1.290201e-02 5.882829e-04)
18.4          	(-2.098599e-03 1.279341e+01 -7.242454e-03)	(-1.870024e-03 1.280622e+01 -7.833680e-03)	(-2.285755e-04 -1.280910e-02 5.912262e-04)
18.425        	(-2.098625e-03 1.279595e+01 -7.658394e-03)	(-1.870086e-03 1.280867e+01 -8.250939e-03)	(-2.285387e-04 -1.271470e-02 5.925457e-04)
18.45         	(-2.088378e-03 1.279861e+01 -7.243419e-03)	(-1.859942e-03 1.281123e+01 -7.837623e-03)	(-2.284360e-04 -1.261936e-02 5.942039e-04)
18.475        	(-2.057915e-03 1.280086e+01 -7.544794e-03)	(-1.829818e-03 1.281339e+01 -8.140728e-03)	(-2.280965e-04 -1.252325e-02 5.959339e-04)
18.5          	(-2.119738e-03 1.280366e+01 -7.389765e-03)	(-1.891676e-03 1.281608e+01 -7.987520e-03)	(-2.280619e-04 -1.242605e-02 5.977541e-04)
18.525        	(-2.025359e-03 1.280608e+01 -7.332468e-03)	(-1.797703e-03 1.281840e+01 -7.932319e-03)	(-2.276565e-04 -1.232819e-02 5.998516e-04)
18.55         	(-2.171813e-03 1.280867e+01 -7.770509e-03)	(-1.943962e-03 1.282090e+01 -8.370756e-03)	(-2.278509e-04 -1.222958e-02 6.002472e-04)
18.575        	(-2.032670e-03 1.281137e+01 -7.335104e-03)	(-1.805040e-03 1.282350e+01 -7.936745e-03)	(-2.276298e-04 -1.213022e-02 6.016417e-04)
18.6          	(-2.141511e-03 1.281403e+01 -7.620218e-03)	(-1.913917e-03 1.282606e+01 -8.222728e-03)	(-2.275941e-04 -1.203011e-02 6.025105e-04)
18.625        	(-2.051989e-03 1.281671e+01 -7.405339e-03)	(-1.824628e-03 1.282864e+01 -8.009152e-03)	(-2.273607e-04 -1.192927e-02 6.038128e-04)
18.65         	(-2.103532e-03 1.281938e+01 -7.750030e-03)	(-1.876314e-03 1.283121e+01 -8.354405e-03)	(-2.272171e-04 -1.182780e-02 6.043750e-04)
18.675        	(-2.022293e-03 1.282180e+01 -7.406340e-03)	(-1.795501e-03 1.283353e+01 -8.012052e-03)	(-2.267923e-04 -1.172608e-02 6.057119e-04)
18.7          	(-2.107062e-03 1.282454e+01 -7.577667e-03)	(-1.880350e-03 1.283616e+01 -8.184609e-03)	(-2.267118e-04 -1.162373e-02 6.069415e-04)
18.725        	(-2.129842e-03 1.282752e+01 -8.144986e-03)	(-1.902877e-03 1.283904e+01 -8.750809e-03)	(-2.269642e-04 -1.152046e-02 6.058230e-04)
18.75         	(-2.036949e-03 1.283023e+01 -7.524955e-03)	(-1.810241e-03 1.284165e+01 -8.131564e-03)	(-2.267073e-04 -1.141706e-02 6.066089e-04)
18.775        	(-2.112346e-03 1.283293e+01 -7.903445e-03)	(-1.885698e-03 1.284425e+01 -8.510581e-03)	(-2.266482e-04 -1.131355e-02 6.071355e-04)
18.8          	(-2.032373e-03 1.283561e+01 -7.432912e-03)	(-1.805997e-03 1.284682e+01 -8.041538e-03)	(-2.263765e-04 -1.120936e-02 6.086265e-04)
18.825        	(-2.184382e-03 1.283864e+01 -8.395674e-03)	(-1.957633e-03 1.284975e+01 -9.003002e-03)	(-2.267488e-04 -1.110420e-02 6.073285e-04)
18.85         	(-2.008975e-03 1.284151e+01 -7.591948e-03)	(-1.782476e-03 1.285251e+01 -8.199557e-03)	(-2.264989e-04 -1.099872e-02 6.076090e-04)
18.875        	(-2.123849e-03 1.284437e+01 -8.286565e-03)	(-1.897403e-03 1.285527e+01 -8.893762e-03)	(-2.264460e-04 -1.089304e-02 6.071968e-04)
18.9          	(-2.042399e-03 1.284712e+01 -7.782486e-03)	(-1.816123e-03 1.285790e+01 -8.390071e-03)	(-2.262759e-04 -1.078722e-02 6.075848e-04)
18.925        	(-2.103602e-03 1.285027e+01 -8.095348e-03)	(-1.877347e-03 1.286095e+01 -8.703065e-03)	(-2.262554e-04 -1.068064e-02 6.077168e-04)
18.95         	(-1.998777e-03 1.285289e+01 -7.834867e-03)	(-1.772921e-03 1.286346e+01 -8.443125e-03)	(-2.258566e-04 -1.057388e-02 6.082574e-04)
18.975        	(-2.151678e-03 1.285580e+01 -8.425298e-03)	(-1.925567e-03 1.286627e+01 -9.032333e-03)	(-2.261108e-04 -1.046724e-02 6.070342e-04)
19            	(-2.005262e-03 1.285868e+01 -7.962733e-03)	(-1.779340e-03 1.286904e+01 -8.569553e-03)	(-2.259219e-04 -1.036039e-02 6.068196e-04)
19.025        	(-2.114353e-03 1.286140e+01 -8.355628e-03)	(-1.888388e-03 1.287166e+01 -8.961894e-03)	(-2.259648e-04 -1.025349e-02 6.062658e-04)
19.05         	(-2.015748e-03 1.286409e+01 -8.089936e-03)	(-1.789985e-03 1.287424e+01 -8.696049e-03)	(-2.257631e-04 -1.014681e-02 6.061128e-04)
19.075        	(-2.077882e-03 1.286694e+01 -8.766231e-03)	(-1.852162e-03 1.287698e+01 -9.370422e-03)	(-2.257200e-04 -1.004012e-02 6.041913e-04)
19.1          	(-2.055749e-03 1.286955e+01 -8.444264e-03)	(-1.829973e-03 1.287948e+01 -9.046883e-03)	(-2.257758e-04 -9.933829e-03 6.026184e-04)
19.125        	(-2.124278e-03 1.287251e+01 -8.646480e-03)	(-1.898172e-03 1.288234e+01 -9.248032e-03)	(-2.261056e-04 -9.827448e-03 6.015514e-04)
19.15         	(-2.028188e-03 1.287530e+01 -8.462643e-03)	(-1.802172e-03 1.288502e+01 -9.063882e-03)	(-2.260158e-04 -9.720981e-03 6.012394e-04)
19.175        	(-2.040702e-03 1.287836e+01 -8.533782e-03)	(-1.814918e-03 1.288797e+01 -9.134863e-03)	(-2.257839e-04 -9.614213e-03 6.010812e-04)
19.2          	(-2.070122e-03 1.288084e+01 -8.706952e-03)	(-1.844315e-03 1.289035e+01 -9.307104e-03)	(-2.258072e-04 -9.507901e-03 6.001518e-04)
19.225        	(-2.033681e-03 1.288361e+01 -8.591442e-03)	(-1.807905e-03 1.289302e+01 -9.190657e-03)	(-2.257763e-04 -9.402025e-03 5.992148e-04)
19.25         	(-2.135669e-03 1.288648e+01 -9.067496e-03)	(-1.909452e-03 1.289578e+01 -9.664311e-03)	(-2.262175e-04 -9.296329e-03 5.968150e-04)
19.275        	(-1.988884e-03 1.288944e+01 -8.571766e-03)	(-1.762883e-03 1.289863e+01 -9.168948e-03)	(-2.260009e-04 -9.190363e-03 5.971814e-04)
19.3          	(-2.102139e-03 1.289208e+01 -9.034128e-03)	(-1.876019e-03 1.290116e+01 -9.630744e-03)	(-2.261199e-04 -9.084418e-03 5.966161e-04)
19.325        	(-2.026627e-03 1.289480e+01 -8.885423e-03)	(-1.800481e-03 1.290378e+01 -9.480724e-03)	(-2.261457e-04 -8.978629e-03 5.953001e-04)
19.35         	(-2.043890e-03 1.289756e+01 -8.984280e-03)	(-1.817797e-03 1.290643e+01 -9.578466e-03)	(-2.260933e-04 -8.872988e-03 5.941854e-04)
19.375        	(-2.008936e-03 1.290015e+01 -8.975867e-03)	(-1.782986e-03 1.290892e+01 -9.568969e-03)	(-2.259504e-04 -8.767720e-03 5.931015e-04)
19.4          	(-2.050355e-03 1.290274e+01 -9.021973e-03)	(-1.824332e-03 1.291140e+01 -9.613678e-03)	(-2.260225e-04 -8.662876e-03 5.917046e-04)
19.425        	(-2.035249e-03 1.290540e+01 -9.182153e-03)	(-1.809126e-03 1.291396e+01 -9.772093e-03)	(-2.261230e-04 -8.558312e-03 5.899397e-04)
19.45         	(-2.104441e-03 1.290806e+01 -9.514514e-03)	(-1.877879e-03 1.291652e+01 -1.010153e-02)	(-2.265614e-04 -8.454013e-03 5.870118e-04)
19.475        	(-2.000041e-03 1.291092e+01 -9.268405e-03)	(-1.773472e-03 1.291927e+01 -9.853481e-03)	(-2.265690e-04 -8.349809e-03 5.850752e-04)
19.5          	(-2.071877e-03 1.291346e+01 -9.426016e-03)	(-1.845178e-03 1.292171e+01 -1.000935e-02)	(-2.266987e-04 -8.246306e-03 5.833329e-04)
19.525        	(-1.985864e-03 1.291593e+01 -9.224186e-03)	(-1.759288e-03 1.292407e+01 -9.806453e-03)	(-2.265751e-04 -8.143297e-03 5.822674e-04)
19.55         	(-2.151566e-03 1.291880e+01 -9.981980e-03)	(-1.924388e-03 1.292684e+01 -1.056089e-02)	(-2.271777e-04 -8.040374e-03 5.789059e-04)
19.575        	(-2.014489e-03 1.292139e+01 -9.855510e-03)	(-1.787101e-03 1.292933e+01 -1.043090e-02)	(-2.273888e-04 -7.937945e-03 5.753877e-04)
19.6          	(-2.007376e-03 1.292377e+01 -9.331368e-03)	(-1.780175e-03 1.293161e+01 -9.905970e-03)	(-2.272014e-04 -7.836570e-03 5.746014e-04)
19.625        	(-2.053576e-03 1.292627e+01 -9.926212e-03)	(-1.826269e-03 1.293400e+01 -1.049890e-02)	(-2.273073e-04 -7.735650e-03 5.726909e-04)
19.65         	(-2.000150e-03 1.292879e+01 -9.650099e-03)	(-1.772858e-03 1.293642e+01 -1.022089e-02)	(-2.272921e-04 -7.635004e-03 5.707895e-04)
19.675        	(-2.033276e-03 1.293113e+01 -1.008124e-02)	(-1.805888e-03 1.293867e+01 -1.064914e-02)	(-2.273882e-04 -7.534971e-03 5.678919e-04)
19.7          	(-2.020705e-03 1.293326e+01 -9.947000e-03)	(-1.793149e-03 1.294069e+01 -1.051181e-02)	(-2.275553e-04 -7.436138e-03 5.648052e-04)
19.725        	(-2.021899e-03 1.293587e+01 -1.013439e-02)	(-1.794256e-03 1.294320e+01 -1.069636e-02)	(-2.276431e-04 -7.337872e-03 5.619703e-04)
19.75         	(-2.016964e-03 1.293789e+01 -1.014169e-02)	(-1.789223e-03 1.294513e+01 -1.070114e-02)	(-2.277408e-04 -7.240421e-03 5.594530e-04)
19.775        	(-2.022698e-03 1.294025e+01 -1.017741e-02)	(-1.794791e-03 1.294740e+01 -1.073438e-02)	(-2.279076e-04 -7.143662e-03 5.569679e-04)
19.8          	(-2.022583e-03 1.294233e+01 -1.042528e-02)	(-1.794494e-03 1.294938e+01 -1.097910e-02)	(-2.280890e-04 -7.047728e-03 5.538173e-04)
19.825        	(-2.048025e-03 1.294403e+01 -1.081283e-02)	(-1.819595e-03 1.295098e+01 -1.136221e-02)	(-2.284304e-04 -6.953356e-03 5.493868e-04)
19.85         	(-1.920035e-03 1.294623e+01 -9.698674e-03)	(-1.691904e-03 1.295309e+01 -1.024761e-02)	(-2.281310e-04 -6.859720e-03 5.489352e-04)
19.875        	(-2.083027e-03 1.294818e+01 -1.089998e-02)	(-1.854573e-03 1.295494e+01 -1.144590e-02)	(-2.284538e-04 -6.766746e-03 5.459211e-04)
19.9          	(-1.975368e-03 1.295043e+01 -1.038715e-02)	(-1.746748e-03 1.295711e+01 -1.092979e-02)	(-2.286208e-04 -6.674217e-03 5.426361e-04)
19.925        	(-2.085568e-03 1.295258e+01 -1.077599e-02)	(-1.856474e-03 1.295916e+01 -1.131512e-02)	(-2.290948e-04 -6.582320e-03 5.391310e-04)
19.95         	(-1.976296e-03 1.295440e+01 -1.086962e-02)	(-1.747074e-03 1.296089e+01 -1.140500e-02)	(-2.292223e-04 -6.491345e-03 5.353807e-04)
19.975        	(-2.056160e-03 1.295623e+01 -1.080654e-02)	(-1.826621e-03 1.296263e+01 -1.133869e-02)	(-2.295393e-04 -6.401520e-03 5.321511e-04)
20            	(-1.951158e-03 1.295801e+01 -1.073334e-02)	(-1.721684e-03 1.296432e+01 -1.126292e-02)	(-2.294740e-04 -6.312571e-03 5.295785e-04)
20.025        	(-2.092096e-03 1.295983e+01 -1.146855e-02)	(-1.862134e-03 1.296606e+01 -1.199358e-02)	(-2.299622e-04 -6.224502e-03 5.250248e-04)
20.05         	(-1.963414e-03 1.296147e+01 -1.084323e-02)	(-1.733312e-03 1.296760e+01 -1.136502e-02)	(-2.301027e-04 -6.137472e-03 5.217943e-04)
20.075        	(-2.059864e-03 1.296326e+01 -1.132960e-02)	(-1.829435e-03 1.296931e+01 -1.184796e-02)	(-2.304285e-04 -6.051393e-03 5.183586e-04)
20.1          	(-1.949008e-03 1.296483e+01 -1.104950e-02)	(-1.718605e-03 1.297080e+01 -1.156500e-02)	(-2.304040e-04 -5.966214e-03 5.155046e-04)
20.125        	(-2.026419e-03 1.296634e+01 -1.130444e-02)	(-1.795832e-03 1.297222e+01 -1.181674e-02)	(-2.305874e-04 -5.882067e-03 5.122991e-04)
20.15         	(-1.975034e-03 1.296783e+01 -1.129730e-02)	(-1.744308e-03 1.297363e+01 -1.180627e-02)	(-2.307268e-04 -5.798832e-03 5.089719e-04)
20.175        	(-2.010734e-03 1.296926e+01 -1.138167e-02)	(-1.779779e-03 1.297497e+01 -1.188712e-02)	(-2.309559e-04 -5.716726e-03 5.054459e-04)
20.2          	(-1.973884e-03 1.297047e+01 -1.131385e-02)	(-1.742793e-03 1.297611e+01 -1.181629e-02)	(-2.310910e-04 -5.635744e-03 5.024476e-04)
20.225        	(-2.024595e-03 1.297203e+01 -1.161356e-02)	(-1.793172e-03 1.297759e+01 -1.211228e-02)	(-2.314228e-04 -5.555439e-03 4.987177e-04)
20.25         	(-2.029116e-03 1.297336e+01 -1.166326e-02)	(-1.797231e-03 1.297884e+01 -1.215771e-02)	(-2.318855e-04 -5.476241e-03 4.944409e-04)
20.275        	(-1.995923e-03 1.297478e+01 -1.176195e-02)	(-1.763780e-03 1.298018e+01 -1.225244e-02)	(-2.321434e-04 -5.397767e-03 4.904917e-04)
20.3          	(-1.997579e-03 1.297615e+01 -1.171462e-02)	(-1.765258e-03 1.298147e+01 -1.220172e-02)	(-2.323215e-04 -5.320269e-03 4.870981e-04)
20.325        	(-2.008776e-03 1.297735e+01 -1.173660e-02)	(-1.776174e-03 1.298260e+01 -1.222061e-02)	(-2.326023e-04 -5.243680e-03 4.840119e-04)
20.35         	(-1.973724e-03 1.297815e+01 -1.195181e-02)	(-1.740994e-03 1.298331e+01 -1.243212e-02)	(-2.327299e-04 -5.168694e-03 4.803095e-04)
20.375        	(-1.992879e-03 1.297936e+01 -1.172181e-02)	(-1.759947e-03 1.298446e+01 -1.219811e-02)	(-2.329322e-04 -5.095143e-03 4.762981e-04)
20.4          	(-1.968585e-03 1.298019e+01 -1.189831e-02)	(-1.735533e-03 1.298522e+01 -1.237097e-02)	(-2.330517e-04 -5.023543e-03 4.726572e-04)
20.425        	(-1.989226e-03 1.298138e+01 -1.203150e-02)	(-1.755978e-03 1.298633e+01 -1.250038e-02)	(-2.332475e-04 -4.952843e-03 4.688860e-04)
20.45         	(-1.983968e-03 1.298190e+01 -1.218808e-02)	(-1.750442e-03 1.298679e+01 -1.265269e-02)	(-2.335253e-04 -4.883572e-03 4.646072e-04)
20.475        	(-1.917081e-03 1.298273e+01 -1.125739e-02)	(-1.683628e-03 1.298755e+01 -1.172238e-02)	(-2.334530e-04 -4.815441e-03 4.649904e-04)
20.5          	(-1.938728e-03 1.298321e+01 -1.163245e-02)	(-1.705250e-03 1.298796e+01 -1.209899e-02)	(-2.334778e-04 -4.748618e-03 4.665407e-04)
20.525        	(-1.937441e-03 1.298386e+01 -1.179621e-02)	(-1.703784e-03 1.298855e+01 -1.226238e-02)	(-2.336566e-04 -4.683143e-03 4.661687e-04)
20.55         	(-1.950182e-03 1.298433e+01 -1.176763e-02)	(-1.716287e-03 1.298895e+01 -1.223244e-02)	(-2.338954e-04 -4.619293e-03 4.648139e-04)
20.575        	(-1.910422e-03 1.298452e+01 -1.202293e-02)	(-1.676485e-03 1.298907e+01 -1.248540e-02)	(-2.339369e-04 -4.557429e-03 4.624686e-04)
20.6          	(-1.976887e-03 1.298512e+01 -1.207086e-02)	(-1.742581e-03 1.298961e+01 -1.253066e-02)	(-2.343059e-04 -4.496650e-03 4.598030e-04)
20.625        	(-1.943085e-03 1.298552e+01 -1.232457e-02)	(-1.708472e-03 1.298996e+01 -1.278074e-02)	(-2.346134e-04 -4.436889e-03 4.561702e-04)
20.65         	(-1.950811e-03 1.298584e+01 -1.221803e-02)	(-1.715971e-03 1.299021e+01 -1.267080e-02)	(-2.348403e-04 -4.378317e-03 4.527728e-04)
20.675        	(-1.935775e-03 1.298597e+01 -1.222541e-02)	(-1.700776e-03 1.299029e+01 -1.267528e-02)	(-2.349992e-04 -4.321182e-03 4.498649e-04)
20.7          	(-1.950287e-03 1.298639e+01 -1.235236e-02)	(-1.715063e-03 1.299065e+01 -1.279884e-02)	(-2.352239e-04 -4.264921e-03 4.464857e-04)
20.725        	(-1.921556e-03 1.298647e+01 -1.263506e-02)	(-1.686204e-03 1.299068e+01 -1.307713e-02)	(-2.353521e-04 -4.210202e-03 4.420752e-04)
20.75         	(-1.929387e-03 1.298653e+01 -1.218849e-02)	(-1.693888e-03 1.299069e+01 -1.262751e-02)	(-2.354986e-04 -4.156935e-03 4.390184e-04)
20.775        	(-1.955181e-03 1.298646e+01 -1.264770e-02)	(-1.719372e-03 1.299057e+01 -1.308323e-02)	(-2.358085e-04 -4.106471e-03 4.355284e-04)
20.8          	(-1.932983e-03 1.298647e+01 -1.247384e-02)	(-1.696923e-03 1.299052e+01 -1.290592e-02)	(-2.360598e-04 -4.057313e-03 4.320853e-04)
20.825        	(-1.953392e-03 1.298629e+01 -1.259486e-02)	(-1.717032e-03 1.299030e+01 -1.302370e-02)	(-2.363596e-04 -4.008985e-03 4.288395e-04)
20.85         	(-1.927788e-03 1.298613e+01 -1.258206e-02)	(-1.691216e-03 1.299010e+01 -1.300767e-02)	(-2.365718e-04 -3.961709e-03 4.256125e-04)
20.875        	(-1.941530e-03 1.298580e+01 -1.272752e-02)	(-1.704727e-03 1.298972e+01 -1.314958e-02)	(-2.368033e-04 -3.915677e-03 4.220589e-04)
20.9          	(-1.940287e-03 1.298554e+01 -1.280440e-02)	(-1.703210e-03 1.298941e+01 -1.322266e-02)	(-2.370772e-04 -3.870782e-03 4.182579e-04)
20.925        	(-1.955272e-03 1.298502e+01 -1.283776e-02)	(-1.717836e-03 1.298885e+01 -1.325235e-02)	(-2.374358e-04 -3.827319e-03 4.145843e-04)
20.95         	(-1.944598e-03 1.298458e+01 -1.293636e-02)	(-1.706841e-03 1.298837e+01 -1.334713e-02)	(-2.377568e-04 -3.785117e-03 4.107752e-04)
20.975        	(-1.892350e-03 1.298397e+01 -1.274699e-02)	(-1.654593e-03 1.298771e+01 -1.315484e-02)	(-2.377575e-04 -3.744288e-03 4.078527e-04)
21            	(-1.987969e-03 1.298327e+01 -1.302515e-02)	(-1.749767e-03 1.298697e+01 -1.342927e-02)	(-2.382016e-04 -3.704592e-03 4.041234e-04)
21.025        	(-1.874902e-03 1.298261e+01 -1.274684e-02)	(-1.636644e-03 1.298627e+01 -1.314781e-02)	(-2.382579e-04 -3.666202e-03 4.009707e-04)
21.05         	(-2.005117e-03 1.298203e+01 -1.293007e-02)	(-1.766352e-03 1.298566e+01 -1.332795e-02)	(-2.387645e-04 -3.629089e-03 3.978773e-04)
21.075        	(-1.905043e-03 1.298091e+01 -1.311493e-02)	(-1.666045e-03 1.298451e+01 -1.350898e-02)	(-2.389979e-04 -3.593638e-03 3.940524e-04)
21.1          	(-1.989050e-03 1.298021e+01 -1.316824e-02)	(-1.749603e-03 1.298377e+01 -1.355832e-02)	(-2.394469e-04 -3.559176e-03 3.900770e-04)
21.125        	(-1.875108e-03 1.297919e+01 -1.297222e-02)	(-1.635639e-03 1.298272e+01 -1.335947e-02)	(-2.394689e-04 -3.525846e-03 3.872495e-04)
21.15         	(-2.029478e-03 1.297843e+01 -1.326763e-02)	(-1.789417e-03 1.298193e+01 -1.365133e-02)	(-2.400614e-04 -3.493467e-03 3.837076e-04)
21.175        	(-1.870518e-03 1.297722e+01 -1.305512e-02)	(-1.630367e-03 1.298069e+01 -1.343558e-02)	(-2.401518e-04 -3.462494e-03 3.804662e-04)
21.2          	(-1.982857e-03 1.297619e+01 -1.311136e-02)	(-1.742380e-03 1.297963e+01 -1.348886e-02)	(-2.404770e-04 -3.433030e-03 3.774991e-04)
21.225        	(-1.891547e-03 1.297488e+01 -1.326969e-02)	(-1.650957e-03 1.297829e+01 -1.364384e-02)	(-2.405896e-04 -3.404882e-03 3.741525e-04)
21.25         	(-1.956772e-03 1.297352e+01 -1.314306e-02)	(-1.715907e-03 1.297690e+01 -1.351410e-02)	(-2.408651e-04 -3.378095e-03 3.710384e-04)
21.275        	(-1.941694e-03 1.297250e+01 -1.310813e-02)	(-1.700469e-03 1.297585e+01 -1.347651e-02)	(-2.412255e-04 -3.351978e-03 3.683772e-04)
21.3          	(-1.924567e-03 1.297113e+01 -1.307927e-02)	(-1.683110e-03 1.297445e+01 -1.344425e-02)	(-2.414569e-04 -3.327418e-03 3.649833e-04)
21.325        	(-1.921290e-03 1.296942e+01 -1.317375e-02)	(-1.679609e-03 1.297272e+01 -1.353523e-02)	(-2.416810e-04 -3.304670e-03 3.614812e-04)
21.35         	(-1.920941e-03 1.296785e+01 -1.300158e-02)	(-1.679020e-03 1.297113e+01 -1.336052e-02)	(-2.419205e-04 -3.283417e-03 3.589432e-04)
21.375        	(-1.938152e-03 1.296607e+01 -1.336063e-02)	(-1.695919e-03 1.296933e+01 -1.371719e-02)	(-2.422336e-04 -3.263157e-03 3.565660e-04)
21.4          	(-1.917380e-03 1.296428e+01 -1.330551e-02)	(-1.674935e-03 1.296753e+01 -1.365912e-02)	(-2.424454e-04 -3.244231e-03 3.536069e-04)
21.425        	(-1.910178e-03 1.296259e+01 -1.314862e-02)	(-1.667604e-03 1.296582e+01 -1.349889e-02)	(-2.425741e-04 -3.226910e-03 3.502695e-04)
21.45         	(-1.914809e-03 1.296054e+01 -1.304120e-02)	(-1.672040e-03 1.296375e+01 -1.338890e-02)	(-2.427696e-04 -3.210990e-03 3.477015e-04)
21.475        	(-1.961626e-03 1.295873e+01 -1.342859e-02)	(-1.718379e-03 1.296193e+01 -1.377298e-02)	(-2.432469e-04 -3.196068e-03 3.443874e-04)
21.5          	(-1.945742e-03 1.295686e+01 -1.333988e-02)	(-1.702034e-03 1.296005e+01 -1.368090e-02)	(-2.437077e-04 -3.182443e-03 3.410239e-04)
21.525        	(-1.920094e-03 1.295489e+01 -1.321227e-02)	(-1.676153e-03 1.295806e+01 -1.355067e-02)	(-2.439417e-04 -3.169958e-03 3.383969e-04)
21.55         	(-1.966711e-03 1.295287e+01 -1.325092e-02)	(-1.722360e-03 1.295603e+01 -1.358670e-02)	(-2.443513e-04 -3.158615e-03 3.357846e-04)
21.575        	(-1.921037e-03 1.295061e+01 -1.342032e-02)	(-1.676427e-03 1.295376e+01 -1.375308e-02)	(-2.446107e-04 -3.148606e-03 3.327648e-04)
21.6          	(-1.884967e-03 1.294833e+01 -1.304137e-02)	(-1.640384e-03 1.295147e+01 -1.337227e-02)	(-2.445834e-04 -3.140159e-03 3.309005e-04)
21.625        	(-1.957098e-03 1.294626e+01 -1.352288e-02)	(-1.712227e-03 1.294939e+01 -1.385078e-02)	(-2.448717e-04 -3.132697e-03 3.278919e-04)
21.65         	(-1.896566e-03 1.294361e+01 -1.320548e-02)	(-1.651506e-03 1.294674e+01 -1.353096e-02)	(-2.450605e-04 -3.126754e-03 3.254819e-04)
21.675        	(-1.902043e-03 1.294136e+01 -1.306185e-02)	(-1.656907e-03 1.294448e+01 -1.338579e-02)	(-2.451359e-04 -3.121970e-03 3.239319e-04)
21.7          	(-1.944704e-03 1.293880e+01 -1.352500e-02)	(-1.699223e-03 1.294191e+01 -1.384611e-02)	(-2.454811e-04 -3.118368e-03 3.211188e-04)
21.725        	(-1.915654e-03 1.293606e+01 -1.334701e-02)	(-1.669892e-03 1.293917e+01 -1.366546e-02)	(-2.457622e-04 -3.116392e-03 3.184481e-04)
21.75         	(-1.931824e-03 1.293346e+01 -1.340343e-02)	(-1.685779e-03 1.293657e+01 -1.371955e-02)	(-2.460453e-04 -3.115686e-03 3.161143e-04)
21.775        	(-1.901784e-03 1.293072e+01 -1.343390e-02)	(-1.655566e-03 1.293384e+01 -1.374764e-02)	(-2.462187e-04 -3.116089e-03 3.137334e-04)
21.8          	(-1.941858e-03 1.292807e+01 -1.326177e-02)	(-1.695322e-03 1.293119e+01 -1.357370e-02)	(-2.465360e-04 -3.117586e-03 3.119327e-04)
21.825        	(-1.894436e-03 1.292516e+01 -1.342296e-02)	(-1.647736e-03 1.292828e+01 -1.373290e-02)	(-2.466994e-04 -3.120238e-03 3.099448e-04)
21.85         	(-1.937994e-03 1.292233e+01 -1.330496e-02)	(-1.691009e-03 1.292545e+01 -1.361292e-02)	(-2.469853e-04 -3.124157e-03 3.079614e-04)
21.875        	(-1.919336e-03 1.291925e+01 -1.356812e-02)	(-1.672049e-03 1.292238e+01 -1.387355e-02)	(-2.472876e-04 -3.129521e-03 3.054296e-04)
21.9          	(-1.938454e-03 1.291629e+01 -1.336524e-02)	(-1.690868e-03 1.291943e+01 -1.366848e-02)	(-2.475858e-04 -3.136145e-03 3.032364e-04)
21.925        	(-1.910392e-03 1.291314e+01 -1.340661e-02)	(-1.662619e-03 1.291629e+01 -1.370796e-02)	(-2.477736e-04 -3.144061e-03 3.013558e-04)
21.95         	(-1.888735e-03 1.291009e+01 -1.324680e-02)	(-1.640936e-03 1.291324e+01 -1.354679e-02)	(-2.477991e-04 -3.152946e-03 2.999897e-04)
21.975        	(-1.978604e-03 1.290684e+01 -1.362081e-02)	(-1.730317e-03 1.291001e+01 -1.391887e-02)	(-2.482867e-04 -3.162827e-03 2.980579e-04)
