# Force coefficients
# liftDir     : (0.000000e+00 1.000000e+00 0.000000e+00)
# dragDir     : (1.000000e+00 0.000000e+00 0.000000e+00)
# pitchAxis   : (0.000000e+00 0.000000e+00 1.000000e+00)
# magUInf     : 1.000000e+00
# lRef        : 1.000000e+00
# Aref        : 2.000000e+00
# CofR        : (0.000000e+00 0.000000e+00 0.000000e+00)
#
# Time        	Cm            	Cd            	Cl            	Cl(f)         	Cl(r)         
120.025       	5.599620e-03	1.544047e+01	3.753967e-03	7.476603e-03	-3.722636e-03
120.05        	6.138366e-03	1.544021e+01	3.632055e-03	7.954393e-03	-4.322338e-03
120.075       	5.802775e-03	1.544027e+01	3.832757e-03	7.719154e-03	-3.886396e-03
120.1         	5.755635e-03	1.544036e+01	3.788111e-03	7.649690e-03	-3.861579e-03
120.125       	5.762565e-03	1.544034e+01	3.782449e-03	7.653789e-03	-3.871340e-03
120.15        	5.562755e-03	1.544067e+01	3.934953e-03	7.530232e-03	-3.595279e-03
120.175       	5.595420e-03	1.544033e+01	3.849109e-03	7.519974e-03	-3.670865e-03
120.2         	5.439475e-03	1.544028e+01	3.882827e-03	7.380888e-03	-3.498061e-03
120.225       	5.401037e-03	1.544029e+01	3.961478e-03	7.381776e-03	-3.420298e-03
120.25        	5.268858e-03	1.544029e+01	4.019625e-03	7.278670e-03	-3.259046e-03
120.275       	5.204763e-03	1.544077e+01	4.088144e-03	7.248834e-03	-3.160691e-03
120.3         	5.175953e-03	1.544004e+01	3.978728e-03	7.165318e-03	-3.186589e-03
120.325       	4.956521e-03	1.544067e+01	4.257859e-03	7.085450e-03	-2.827591e-03
120.35        	5.120087e-03	1.544034e+01	3.973243e-03	7.106708e-03	-3.133465e-03
120.375       	4.744845e-03	1.544059e+01	4.332124e-03	6.910907e-03	-2.578783e-03
120.4         	4.938871e-03	1.544034e+01	4.165295e-03	7.021518e-03	-2.856223e-03
120.425       	4.677635e-03	1.544036e+01	4.218020e-03	6.786645e-03	-2.568625e-03
120.45        	4.715997e-03	1.544035e+01	4.295070e-03	6.863532e-03	-2.568462e-03
120.475       	4.522747e-03	1.544081e+01	4.412161e-03	6.728827e-03	-2.316667e-03
120.5         	4.612766e-03	1.544024e+01	4.226272e-03	6.725902e-03	-2.499630e-03
120.525       	4.274497e-03	1.544054e+01	4.571858e-03	6.560426e-03	-1.988568e-03
120.55        	4.513341e-03	1.544058e+01	4.252433e-03	6.639557e-03	-2.387125e-03
120.575       	4.098871e-03	1.544058e+01	4.654729e-03	6.426236e-03	-1.771507e-03
120.6         	4.369620e-03	1.544041e+01	4.369815e-03	6.554527e-03	-2.184713e-03
120.625       	3.999896e-03	1.544044e+01	4.524290e-03	6.262041e-03	-1.737751e-03
120.65        	4.066656e-03	1.544073e+01	4.717798e-03	6.425555e-03	-1.707757e-03
120.675       	3.934593e-03	1.544052e+01	4.602094e-03	6.235640e-03	-1.633546e-03
120.7         	3.919172e-03	1.544044e+01	4.599403e-03	6.218873e-03	-1.619470e-03
120.725       	3.718461e-03	1.544081e+01	4.795288e-03	6.116105e-03	-1.320817e-03
120.75        	3.811452e-03	1.544052e+01	4.660461e-03	6.141682e-03	-1.481221e-03
120.775       	3.608541e-03	1.544048e+01	4.712823e-03	5.964952e-03	-1.252129e-03
120.8         	3.597445e-03	1.544053e+01	4.812489e-03	6.003690e-03	-1.191201e-03
120.825       	3.421383e-03	1.544086e+01	4.950248e-03	5.896508e-03	-9.462592e-04
120.85        	3.471467e-03	1.544056e+01	4.819594e-03	5.881264e-03	-1.061671e-03
120.875       	3.316143e-03	1.544054e+01	4.856122e-03	5.744204e-03	-8.880817e-04
120.9         	3.263820e-03	1.544056e+01	4.944963e-03	5.736301e-03	-7.913383e-04
120.925       	3.110440e-03	1.544093e+01	5.116815e-03	5.668848e-03	-5.520326e-04
120.95        	3.155990e-03	1.544060e+01	4.970367e-03	5.641174e-03	-6.708064e-04
120.975       	2.998559e-03	1.544057e+01	4.992733e-03	5.494926e-03	-5.021930e-04
121           	2.962564e-03	1.544059e+01	5.078739e-03	5.501934e-03	-4.231941e-04
121.025       	2.787442e-03	1.544099e+01	5.273700e-03	5.424292e-03	-1.505920e-04
121.05        	2.854865e-03	1.544059e+01	5.108219e-03	5.408974e-03	-3.007556e-04
121.075       	2.684538e-03	1.544059e+01	5.130958e-03	5.250016e-03	-1.190589e-04
121.1         	2.570973e-03	1.544102e+01	5.373288e-03	5.257617e-03	1.156711e-04
121.125       	2.619485e-03	1.544057e+01	5.189600e-03	5.214284e-03	-2.468470e-05
121.15        	2.446929e-03	1.544062e+01	5.255452e-03	5.074655e-03	1.807968e-04
121.175       	2.352544e-03	1.544105e+01	5.457868e-03	5.081479e-03	3.763898e-04
121.2         	2.341060e-03	1.544074e+01	5.362260e-03	5.022190e-03	3.400696e-04
121.225       	2.220753e-03	1.544068e+01	5.374749e-03	4.908127e-03	4.666219e-04
121.25        	2.164732e-03	1.544068e+01	5.439152e-03	4.884308e-03	5.548439e-04
121.275       	1.998897e-03	1.544114e+01	5.628864e-03	4.813329e-03	8.155346e-04
121.3         	2.057439e-03	1.544073e+01	5.481205e-03	4.798041e-03	6.831635e-04
121.325       	1.892329e-03	1.544073e+01	5.502396e-03	4.643527e-03	8.588685e-04
121.35        	1.859469e-03	1.544074e+01	5.590304e-03	4.654621e-03	9.356835e-04
121.375       	1.640283e-03	1.544113e+01	5.817154e-03	4.548860e-03	1.268294e-03
121.4         	1.823523e-03	1.544072e+01	5.486980e-03	4.567013e-03	9.199672e-04
121.425       	1.486824e-03	1.544084e+01	5.727086e-03	4.350367e-03	1.376719e-03
121.45        	1.587207e-03	1.544088e+01	5.804388e-03	4.489401e-03	1.314986e-03
121.475       	1.350272e-03	1.544100e+01	5.830512e-03	4.265528e-03	1.564984e-03
121.5         	1.401174e-03	1.544102e+01	5.822622e-03	4.312485e-03	1.510137e-03
121.525       	1.242448e-03	1.544071e+01	5.850576e-03	4.167736e-03	1.682840e-03
121.55        	1.219911e-03	1.544090e+01	5.895931e-03	4.167876e-03	1.728055e-03
121.575       	1.052429e-03	1.544119e+01	6.036802e-03	4.070830e-03	1.965972e-03
121.6         	1.081023e-03	1.544094e+01	5.937169e-03	4.049608e-03	1.887561e-03
121.625       	9.403548e-04	1.544078e+01	5.962561e-03	3.921635e-03	2.040926e-03
121.65        	8.947674e-04	1.544090e+01	6.033643e-03	3.911589e-03	2.122054e-03
121.675       	7.143509e-04	1.544128e+01	6.221927e-03	3.825314e-03	2.396612e-03
121.7         	7.852300e-04	1.544091e+01	6.073246e-03	3.821853e-03	2.251393e-03
121.725       	6.050686e-04	1.544089e+01	6.096210e-03	3.653174e-03	2.443037e-03
121.75        	5.853798e-04	1.544090e+01	6.183712e-03	3.677236e-03	2.506476e-03
121.775       	3.937125e-04	1.544138e+01	6.374535e-03	3.580980e-03	2.793555e-03
121.8         	4.774564e-04	1.544094e+01	6.210791e-03	3.582852e-03	2.627939e-03
121.825       	2.873523e-04	1.544096e+01	6.235287e-03	3.404996e-03	2.830291e-03
121.85        	2.717997e-04	1.544095e+01	6.328815e-03	3.436207e-03	2.892608e-03
121.875       	4.395517e-05	1.544135e+01	6.548724e-03	3.318317e-03	3.230407e-03
121.9         	2.627742e-04	1.544093e+01	6.179472e-03	3.352510e-03	2.826962e-03
121.925       	-1.967560e-04	1.544119e+01	6.625678e-03	3.116083e-03	3.509595e-03
121.95        	2.552517e-05	1.544095e+01	6.481516e-03	3.266283e-03	3.215233e-03
121.975       	-1.989712e-04	1.544135e+01	6.424436e-03	3.013247e-03	3.411189e-03
122           	-2.379488e-04	1.544109e+01	6.608950e-03	3.066526e-03	3.542424e-03
122.025       	-3.418261e-04	1.544108e+01	6.625639e-03	2.970994e-03	3.654646e-03
122.05        	-4.152983e-04	1.544110e+01	6.648423e-03	2.908913e-03	3.739510e-03
122.075       	-4.917633e-04	1.544107e+01	6.673448e-03	2.844961e-03	3.828487e-03
122.1         	-6.078756e-04	1.544148e+01	6.796964e-03	2.790606e-03	4.006358e-03
122.125       	-5.581252e-04	1.544098e+01	6.613207e-03	2.748478e-03	3.864729e-03
122.15        	-8.690438e-04	1.544116e+01	6.904876e-03	2.583394e-03	4.321482e-03
122.175       	-6.689800e-04	1.544143e+01	6.737521e-03	2.699781e-03	4.037741e-03
122.2         	-1.061377e-03	1.544108e+01	6.986483e-03	2.431864e-03	4.554619e-03
122.225       	-8.556809e-04	1.544114e+01	6.866549e-03	2.577594e-03	4.288955e-03
122.25        	-1.138648e-03	1.544160e+01	6.945155e-03	2.333930e-03	4.611225e-03
122.275       	-1.090764e-03	1.544125e+01	6.948916e-03	2.383694e-03	4.565222e-03
122.3         	-1.251312e-03	1.544122e+01	7.004370e-03	2.250873e-03	4.753497e-03
122.325       	-1.282362e-03	1.544125e+01	7.062118e-03	2.248697e-03	4.813422e-03
122.35        	-1.414065e-03	1.544120e+01	7.100533e-03	2.136201e-03	4.964331e-03
122.375       	-1.481743e-03	1.544155e+01	7.198466e-03	2.117490e-03	5.080977e-03
122.4         	-1.515294e-03	1.544126e+01	7.129788e-03	2.049600e-03	5.080188e-03
122.425       	-1.615049e-03	1.544123e+01	7.157042e-03	1.963472e-03	5.193570e-03
122.45        	-1.703944e-03	1.544121e+01	7.231267e-03	1.911690e-03	5.319577e-03
122.475       	-1.850085e-03	1.544175e+01	7.407381e-03	1.853606e-03	5.553775e-03
122.5         	-1.797817e-03	1.544126e+01	7.252042e-03	1.828204e-03	5.423838e-03
122.525       	-1.967965e-03	1.544131e+01	7.283396e-03	1.673733e-03	5.609663e-03
122.55        	-2.000668e-03	1.544128e+01	7.376752e-03	1.687709e-03	5.689044e-03
122.575       	-2.225865e-03	1.544164e+01	7.604103e-03	1.576187e-03	6.027916e-03
122.6         	-2.047772e-03	1.544133e+01	7.280844e-03	1.592649e-03	5.688194e-03
122.625       	-2.362840e-03	1.544137e+01	7.485489e-03	1.379905e-03	6.105584e-03
122.65        	-2.300920e-03	1.544140e+01	7.589285e-03	1.493723e-03	6.095562e-03
122.675       	-2.492873e-03	1.544164e+01	7.627648e-03	1.320951e-03	6.306696e-03
122.7         	-2.491231e-03	1.544161e+01	7.599618e-03	1.308577e-03	6.291040e-03
122.725       	-2.606610e-03	1.544136e+01	7.621184e-03	1.203982e-03	6.417202e-03
122.75        	-2.663075e-03	1.544147e+01	7.672541e-03	1.173196e-03	6.499345e-03
122.775       	-2.789387e-03	1.544135e+01	7.731978e-03	1.076602e-03	6.655377e-03
122.8         	-2.880854e-03	1.544176e+01	7.881477e-03	1.059884e-03	6.821592e-03
122.825       	-2.876586e-03	1.544150e+01	7.722269e-03	9.845486e-04	6.737720e-03
122.85        	-3.003987e-03	1.544147e+01	7.781868e-03	8.869466e-04	6.894921e-03
122.875       	-3.065078e-03	1.544151e+01	7.863894e-03	8.668689e-04	6.997025e-03
122.9         	-3.260448e-03	1.544163e+01	8.074948e-03	7.770258e-04	7.297922e-03
122.925       	-3.153047e-03	1.544160e+01	7.820221e-03	7.570637e-04	7.063158e-03
122.95        	-3.352006e-03	1.544150e+01	7.925598e-03	6.107935e-04	7.314805e-03
122.975       	-3.407413e-03	1.544149e+01	8.068361e-03	6.267672e-04	7.441594e-03
123           	-3.503035e-03	1.544193e+01	8.116295e-03	5.551126e-04	7.561183e-03
123.025       	-3.514402e-03	1.544136e+01	7.937020e-03	4.541081e-04	7.482912e-03
123.05        	-3.772156e-03	1.544179e+01	8.349493e-03	4.025904e-04	7.946903e-03
123.075       	-3.590712e-03	1.544173e+01	7.983709e-03	4.011422e-04	7.582567e-03
123.1         	-3.933103e-03	1.544165e+01	8.231005e-03	1.824002e-04	8.048605e-03
123.125       	-3.828849e-03	1.544173e+01	8.286863e-03	3.145828e-04	7.972280e-03
123.15        	-4.050172e-03	1.544160e+01	8.307001e-03	1.033283e-04	8.203672e-03
123.175       	-4.014751e-03	1.544157e+01	8.316345e-03	1.434216e-04	8.172924e-03
123.2         	-4.184530e-03	1.544194e+01	8.391141e-03	1.104079e-05	8.380100e-03
123.225       	-4.201626e-03	1.544185e+01	8.361072e-03	-2.109007e-05	8.382162e-03
123.25        	-4.312934e-03	1.544165e+01	8.402890e-03	-1.114886e-04	8.514379e-03
123.275       	-4.376501e-03	1.544171e+01	8.460024e-03	-1.464887e-04	8.606513e-03
123.3         	-4.482586e-03	1.544162e+01	8.515630e-03	-2.247713e-04	8.740401e-03
123.325       	-4.593023e-03	1.544193e+01	8.638800e-03	-2.736232e-04	8.912423e-03
123.35        	-4.591496e-03	1.544176e+01	8.533770e-03	-3.246112e-04	8.858382e-03
123.375       	-4.717097e-03	1.544169e+01	8.560850e-03	-4.366719e-04	8.997522e-03
123.4         	-4.896667e-03	1.544199e+01	8.830608e-03	-4.813629e-04	9.311971e-03
123.425       	-4.738995e-03	1.544174e+01	8.526648e-03	-4.756706e-04	9.002319e-03
123.45        	-5.042037e-03	1.544179e+01	8.693235e-03	-6.954195e-04	9.388655e-03
123.475       	-4.998013e-03	1.544178e+01	8.818382e-03	-5.888219e-04	9.407204e-03
123.5         	-5.178758e-03	1.544204e+01	8.842214e-03	-7.576506e-04	9.599865e-03
123.525       	-5.170820e-03	1.544200e+01	8.826934e-03	-7.573535e-04	9.584287e-03
123.55        	-5.303770e-03	1.544185e+01	8.855354e-03	-8.760930e-04	9.731447e-03
123.575       	-5.342734e-03	1.544182e+01	8.908701e-03	-8.883830e-04	9.797084e-03
123.6         	-5.481795e-03	1.544177e+01	8.959847e-03	-1.001872e-03	9.961718e-03
123.625       	-5.563322e-03	1.544215e+01	9.092497e-03	-1.017073e-03	1.010957e-02
123.65        	-5.593245e-03	1.544203e+01	8.981668e-03	-1.102411e-03	1.008408e-02
123.675       	-5.691922e-03	1.544186e+01	9.008184e-03	-1.187830e-03	1.019601e-02
123.7         	-5.746487e-03	1.544190e+01	9.071148e-03	-1.210913e-03	1.028206e-02
123.725       	-5.878706e-03	1.544186e+01	9.148014e-03	-1.304698e-03	1.045271e-02
123.75        	-5.997331e-03	1.544216e+01	9.304010e-03	-1.345326e-03	1.064934e-02
123.775       	-5.965246e-03	1.544208e+01	9.158629e-03	-1.385932e-03	1.054456e-02
123.8         	-6.120081e-03	1.544193e+01	9.179063e-03	-1.530550e-03	1.070961e-02
123.825       	-6.154349e-03	1.544196e+01	9.252138e-03	-1.528280e-03	1.078042e-02
123.85        	-6.326954e-03	1.544187e+01	9.374162e-03	-1.639873e-03	1.101404e-02
123.875       	-6.328700e-03	1.544257e+01	9.386300e-03	-1.635550e-03	1.102185e-02
123.9         	-6.454639e-03	1.544144e+01	9.364317e-03	-1.772481e-03	1.113680e-02
123.925       	-6.552914e-03	1.544261e+01	9.493716e-03	-1.806056e-03	1.129977e-02
123.95        	-6.555025e-03	1.544203e+01	9.451233e-03	-1.829409e-03	1.128064e-02
123.975       	-6.703045e-03	1.544186e+01	9.479293e-03	-1.963398e-03	1.144269e-02
124           	-6.749510e-03	1.544198e+01	9.540713e-03	-1.979153e-03	1.151987e-02
124.025       	-6.913615e-03	1.544253e+01	9.676968e-03	-2.075131e-03	1.175210e-02
124.05        	-6.825948e-03	1.544184e+01	9.495168e-03	-2.078363e-03	1.157353e-02
124.075       	-7.172318e-03	1.544230e+01	9.806053e-03	-2.269292e-03	1.207534e-02
124.1         	-6.961335e-03	1.544213e+01	9.674168e-03	-2.124251e-03	1.179842e-02
124.125       	-7.264374e-03	1.544205e+01	9.676007e-03	-2.426371e-03	1.210238e-02
124.15        	-7.257147e-03	1.544241e+01	9.883756e-03	-2.315269e-03	1.219902e-02
124.175       	-7.328697e-03	1.544221e+01	9.759271e-03	-2.449062e-03	1.220833e-02
124.2         	-7.415829e-03	1.544217e+01	9.787839e-03	-2.521909e-03	1.230975e-02
124.225       	-7.510816e-03	1.544210e+01	9.865945e-03	-2.577844e-03	1.244379e-02
124.25        	-7.701313e-03	1.544237e+01	1.011912e-02	-2.641753e-03	1.276087e-02
124.275       	-7.572352e-03	1.544227e+01	9.879574e-03	-2.632565e-03	1.251214e-02
124.3         	-7.813824e-03	1.544220e+01	9.918857e-03	-2.854396e-03	1.277325e-02
124.325       	-7.801430e-03	1.544211e+01	1.003831e-02	-2.782274e-03	1.282059e-02
124.35        	-7.989968e-03	1.544256e+01	1.021987e-02	-2.880031e-03	1.309990e-02
124.375       	-7.844929e-03	1.544217e+01	9.817245e-03	-2.936307e-03	1.275355e-02
124.4         	-8.345699e-03	1.544245e+01	1.042410e-02	-3.133647e-03	1.355775e-02
124.425       	-7.914318e-03	1.544206e+01	1.007016e-02	-2.879236e-03	1.294940e-02
124.45        	-8.472071e-03	1.544262e+01	1.028745e-02	-3.328344e-03	1.361580e-02
124.475       	-8.144882e-03	1.544235e+01	1.022731e-02	-3.031228e-03	1.325854e-02
124.5         	-8.538393e-03	1.544230e+01	1.025122e-02	-3.412784e-03	1.366400e-02
124.525       	-8.392621e-03	1.544223e+01	1.031953e-02	-3.232854e-03	1.355239e-02
124.55        	-8.734536e-03	1.544251e+01	1.052364e-02	-3.472718e-03	1.399635e-02
124.575       	-8.527609e-03	1.544232e+01	1.035110e-02	-3.352059e-03	1.370316e-02
124.6         	-8.814869e-03	1.544230e+01	1.036265e-02	-3.633546e-03	1.399619e-02
124.625       	-8.812854e-03	1.544262e+01	1.055667e-02	-3.534518e-03	1.409119e-02
124.65        	-8.897648e-03	1.544246e+01	1.049087e-02	-3.652215e-03	1.414308e-02
124.675       	-8.979417e-03	1.544237e+01	1.051195e-02	-3.723442e-03	1.423539e-02
124.7         	-9.055836e-03	1.544235e+01	1.056474e-02	-3.773468e-03	1.433820e-02
124.725       	-9.263342e-03	1.544260e+01	1.080291e-02	-3.861889e-03	1.466480e-02
124.75        	-9.114940e-03	1.544254e+01	1.058491e-02	-3.822484e-03	1.440740e-02
124.775       	-9.390819e-03	1.544243e+01	1.062765e-02	-4.076991e-03	1.470465e-02
124.8         	-9.346978e-03	1.544237e+01	1.073252e-02	-3.980717e-03	1.471324e-02
124.825       	-9.570550e-03	1.544269e+01	1.088925e-02	-4.125925e-03	1.501518e-02
124.85        	-9.508717e-03	1.544257e+01	1.080101e-02	-4.108213e-03	1.490922e-02
124.875       	-9.667202e-03	1.544245e+01	1.079821e-02	-4.268099e-03	1.506630e-02
124.9         	-9.688381e-03	1.544247e+01	1.084826e-02	-4.264254e-03	1.511251e-02
124.925       	-9.913463e-03	1.544271e+01	1.105637e-02	-4.385279e-03	1.544165e-02
124.95        	-9.789175e-03	1.544258e+01	1.091636e-02	-4.330996e-03	1.524735e-02
124.975       	-1.002425e-02	1.544253e+01	1.092670e-02	-4.560899e-03	1.548760e-02
125           	-9.999954e-03	1.544247e+01	1.100734e-02	-4.496286e-03	1.550362e-02
125.025       	-1.024543e-02	1.544278e+01	1.121275e-02	-4.639057e-03	1.585181e-02
125.05        	-1.013630e-02	1.544261e+01	1.104320e-02	-4.614704e-03	1.565790e-02
125.075       	-1.032669e-02	1.544263e+01	1.107744e-02	-4.787968e-03	1.586541e-02
125.1         	-1.037909e-02	1.544248e+01	1.118224e-02	-4.787967e-03	1.597021e-02
125.125       	-1.055040e-02	1.544283e+01	1.138850e-02	-4.856152e-03	1.624466e-02
125.15        	-1.046598e-02	1.544272e+01	1.117252e-02	-4.879724e-03	1.605224e-02
125.175       	-1.065689e-02	1.544266e+01	1.120468e-02	-5.054551e-03	1.625923e-02
125.2         	-1.067646e-02	1.544255e+01	1.130793e-02	-5.022493e-03	1.633042e-02
125.225       	-1.090107e-02	1.544290e+01	1.149533e-02	-5.153410e-03	1.664874e-02
125.25        	-1.079334e-02	1.544270e+01	1.138176e-02	-5.102456e-03	1.648422e-02
125.275       	-1.102273e-02	1.544270e+01	1.138668e-02	-5.329391e-03	1.671607e-02
125.3         	-1.099519e-02	1.544259e+01	1.145373e-02	-5.268324e-03	1.672206e-02
125.325       	-1.124177e-02	1.544301e+01	1.164113e-02	-5.421208e-03	1.706234e-02
125.35        	-1.106185e-02	1.544270e+01	1.141364e-02	-5.355028e-03	1.676867e-02
125.375       	-1.138366e-02	1.544285e+01	1.155716e-02	-5.605081e-03	1.716224e-02
125.4         	-1.131842e-02	1.544266e+01	1.167483e-02	-5.481004e-03	1.715583e-02
125.425       	-1.154481e-02	1.544267e+01	1.171116e-02	-5.689233e-03	1.740039e-02
125.45        	-1.145158e-02	1.544332e+01	1.162374e-02	-5.639707e-03	1.726345e-02
125.475       	-1.177042e-02	1.544230e+01	1.187420e-02	-5.833317e-03	1.770752e-02
125.5         	-1.149954e-02	1.544315e+01	1.161583e-02	-5.691630e-03	1.730746e-02
125.525       	-1.196263e-02	1.544283e+01	1.181859e-02	-6.053336e-03	1.787193e-02
125.55        	-1.174414e-02	1.544273e+01	1.189806e-02	-5.795110e-03	1.769317e-02
125.575       	-1.210590e-02	1.544307e+01	1.194628e-02	-6.132758e-03	1.807904e-02
125.6         	-1.191664e-02	1.544292e+01	1.190775e-02	-5.962760e-03	1.787051e-02
125.625       	-1.220578e-02	1.544268e+01	1.192235e-02	-6.244603e-03	1.816695e-02
125.65        	-1.221071e-02	1.544312e+01	1.211272e-02	-6.154347e-03	1.826707e-02
125.675       	-1.225474e-02	1.544291e+01	1.195630e-02	-6.276586e-03	1.823288e-02
125.7         	-1.234635e-02	1.544288e+01	1.200859e-02	-6.342055e-03	1.835065e-02
125.725       	-1.248244e-02	1.544279e+01	1.212740e-02	-6.418740e-03	1.854614e-02
125.75        	-1.258402e-02	1.544317e+01	1.229205e-02	-6.437993e-03	1.873005e-02
125.775       	-1.252283e-02	1.544295e+01	1.200859e-02	-6.518535e-03	1.852713e-02
125.8         	-1.274017e-02	1.544297e+01	1.219468e-02	-6.642832e-03	1.883751e-02
125.825       	-1.277117e-02	1.544293e+01	1.230404e-02	-6.619150e-03	1.892319e-02
125.85        	-1.294379e-02	1.544313e+01	1.240941e-02	-6.739082e-03	1.914849e-02
125.875       	-1.287235e-02	1.544300e+01	1.228790e-02	-6.728403e-03	1.901630e-02
125.9         	-1.304243e-02	1.544298e+01	1.229937e-02	-6.892742e-03	1.919211e-02
125.925       	-1.317547e-02	1.544304e+01	1.257820e-02	-6.886373e-03	1.946457e-02
125.95        	-1.313144e-02	1.544317e+01	1.234146e-02	-6.960710e-03	1.930217e-02
125.975       	-1.329489e-02	1.544298e+01	1.240306e-02	-7.093360e-03	1.949642e-02
126           	-1.343179e-02	1.544301e+01	1.268118e-02	-7.091197e-03	1.977238e-02
126.025       	-1.324552e-02	1.544303e+01	1.223507e-02	-7.127984e-03	1.936306e-02
126.05        	-1.380486e-02	1.544316e+01	1.292338e-02	-7.343165e-03	2.026655e-02
126.075       	-1.339725e-02	1.544323e+01	1.244775e-02	-7.173377e-03	1.962113e-02
126.1         	-1.386742e-02	1.544304e+01	1.273765e-02	-7.498594e-03	2.023625e-02
126.125       	-1.354309e-02	1.544322e+01	1.255202e-02	-7.267081e-03	1.981910e-02
126.15        	-1.402840e-02	1.544308e+01	1.276205e-02	-7.647375e-03	2.040942e-02
126.175       	-1.380665e-02	1.544310e+01	1.281932e-02	-7.396988e-03	2.021631e-02
126.2         	-1.413311e-02	1.544326e+01	1.282891e-02	-7.718660e-03	2.054757e-02
126.225       	-1.400927e-02	1.544337e+01	1.283031e-02	-7.594113e-03	2.042442e-02
126.25        	-1.425057e-02	1.544305e+01	1.286101e-02	-7.820062e-03	2.068107e-02
126.275       	-1.420863e-02	1.544310e+01	1.291062e-02	-7.753318e-03	2.066393e-02
126.3         	-1.438647e-02	1.544303e+01	1.296181e-02	-7.905559e-03	2.086737e-02
126.325       	-1.444654e-02	1.544367e+01	1.308247e-02	-7.905311e-03	2.098778e-02
126.35        	-1.442326e-02	1.544289e+01	1.286573e-02	-7.990389e-03	2.085612e-02
126.375       	-1.476412e-02	1.544342e+01	1.320913e-02	-8.159561e-03	2.136869e-02
126.4         	-1.449175e-02	1.544330e+01	1.307743e-02	-7.953033e-03	2.103046e-02
126.425       	-1.486932e-02	1.544309e+01	1.306719e-02	-8.335723e-03	2.140292e-02
126.45        	-1.479678e-02	1.544345e+01	1.327197e-02	-8.160790e-03	2.143276e-02
126.475       	-1.491840e-02	1.544330e+01	1.314525e-02	-8.345776e-03	2.149103e-02
126.5         	-1.495822e-02	1.544331e+01	1.317491e-02	-8.370762e-03	2.154567e-02
126.525       	-1.509584e-02	1.544316e+01	1.325134e-02	-8.470165e-03	2.172151e-02
126.55        	-1.521328e-02	1.544348e+01	1.345676e-02	-8.484904e-03	2.194166e-02
126.575       	-1.521106e-02	1.544341e+01	1.331692e-02	-8.552599e-03	2.186952e-02
126.6         	-1.532774e-02	1.544332e+01	1.331921e-02	-8.668130e-03	2.198734e-02
126.625       	-1.539014e-02	1.544325e+01	1.338471e-02	-8.697781e-03	2.208249e-02
126.65        	-1.557834e-02	1.544350e+01	1.358716e-02	-8.784764e-03	2.237192e-02
126.675       	-1.549937e-02	1.544338e+01	1.347589e-02	-8.761424e-03	2.223732e-02
126.7         	-1.568822e-02	1.544331e+01	1.347048e-02	-8.952982e-03	2.242346e-02
126.725       	-1.569398e-02	1.544325e+01	1.353453e-02	-8.926716e-03	2.246124e-02
126.75        	-1.586252e-02	1.544367e+01	1.371752e-02	-9.003763e-03	2.272128e-02
126.775       	-1.582035e-02	1.544328e+01	1.344106e-02	-9.099819e-03	2.254087e-02
126.8         	-1.606689e-02	1.544349e+01	1.374940e-02	-9.192188e-03	2.294159e-02
126.825       	-1.602026e-02	1.544344e+01	1.376567e-02	-9.137426e-03	2.290310e-02
126.85        	-1.617768e-02	1.544326e+01	1.371174e-02	-9.321808e-03	2.303355e-02
126.875       	-1.622655e-02	1.544363e+01	1.379496e-02	-9.329067e-03	2.312403e-02
126.9         	-1.631538e-02	1.544350e+01	1.383911e-02	-9.395831e-03	2.323494e-02
126.925       	-1.640830e-02	1.544338e+01	1.387089e-02	-9.472854e-03	2.334374e-02
126.95        	-1.648248e-02	1.544351e+01	1.394749e-02	-9.508735e-03	2.345622e-02
126.975       	-1.655694e-02	1.544375e+01	1.389665e-02	-9.608617e-03	2.350526e-02
127           	-1.666180e-02	1.544322e+01	1.400926e-02	-9.657167e-03	2.366643e-02
127.025       	-1.666917e-02	1.544354e+01	1.386015e-02	-9.739092e-03	2.359924e-02
127.05        	-1.682221e-02	1.544363e+01	1.408051e-02	-9.781960e-03	2.386247e-02
127.075       	-1.687417e-02	1.544372e+01	1.411416e-02	-9.817083e-03	2.393125e-02
127.1         	-1.699508e-02	1.544333e+01	1.412934e-02	-9.930407e-03	2.405975e-02
127.125       	-1.702513e-02	1.544356e+01	1.413636e-02	-9.956948e-03	2.409331e-02
127.15        	-1.712942e-02	1.544376e+01	1.415716e-02	-1.005084e-02	2.420800e-02
127.175       	-1.720458e-02	1.544360e+01	1.422240e-02	-1.009338e-02	2.431578e-02
127.2         	-1.729395e-02	1.544360e+01	1.425279e-02	-1.016756e-02	2.442035e-02
127.225       	-1.744241e-02	1.544333e+01	1.439116e-02	-1.024683e-02	2.463799e-02
127.25        	-1.738904e-02	1.544381e+01	1.427490e-02	-1.025159e-02	2.452649e-02
127.275       	-1.754220e-02	1.544363e+01	1.430839e-02	-1.038801e-02	2.469640e-02
127.3         	-1.766375e-02	1.544365e+01	1.449380e-02	-1.041685e-02	2.491066e-02
127.325       	-1.763264e-02	1.544365e+01	1.440736e-02	-1.042895e-02	2.483632e-02
127.35        	-1.779995e-02	1.544365e+01	1.441606e-02	-1.059192e-02	2.500798e-02
127.375       	-1.783915e-02	1.544350e+01	1.448171e-02	-1.059829e-02	2.508000e-02
127.4         	-1.794696e-02	1.544388e+01	1.463993e-02	-1.062699e-02	2.526693e-02
127.425       	-1.805701e-02	1.544378e+01	1.455297e-02	-1.078053e-02	2.533350e-02
127.45        	-1.805981e-02	1.544367e+01	1.455714e-02	-1.078124e-02	2.533837e-02
127.475       	-1.819993e-02	1.544361e+01	1.461560e-02	-1.089213e-02	2.550773e-02
127.5         	-1.826442e-02	1.544354e+01	1.470352e-02	-1.091267e-02	2.561618e-02
127.525       	-1.839796e-02	1.544416e+01	1.485385e-02	-1.097104e-02	2.582489e-02
127.55        	-1.829023e-02	1.544334e+01	1.453318e-02	-1.102364e-02	2.555682e-02
127.575       	-1.874651e-02	1.544381e+01	1.501917e-02	-1.123692e-02	2.625609e-02
127.6         	-1.835422e-02	1.544395e+01	1.459338e-02	-1.105753e-02	2.565091e-02
127.625       	-1.894144e-02	1.544384e+01	1.512620e-02	-1.137834e-02	2.650454e-02
127.65        	-1.836648e-02	1.544337e+01	1.462691e-02	-1.105303e-02	2.567994e-02
127.675       	-1.927973e-02	1.544411e+01	1.518112e-02	-1.168917e-02	2.687029e-02
127.7         	-1.852408e-02	1.544361e+01	1.473402e-02	-1.115707e-02	2.589109e-02
127.725       	-1.929431e-02	1.544379e+01	1.504275e-02	-1.177293e-02	2.681568e-02
127.75        	-1.881850e-02	1.544380e+01	1.509138e-02	-1.127281e-02	2.636419e-02
127.775       	-1.930873e-02	1.544377e+01	1.506545e-02	-1.177600e-02	2.684146e-02
127.8         	-1.916363e-02	1.544406e+01	1.509814e-02	-1.161456e-02	2.671270e-02
127.825       	-1.938505e-02	1.544382e+01	1.514700e-02	-1.181155e-02	2.695854e-02
127.85        	-1.933683e-02	1.544386e+01	1.517535e-02	-1.174915e-02	2.692451e-02
127.875       	-1.954119e-02	1.544357e+01	1.522099e-02	-1.193070e-02	2.715169e-02
127.9         	-1.956999e-02	1.544424e+01	1.535874e-02	-1.189062e-02	2.724937e-02
127.925       	-1.956084e-02	1.544357e+01	1.511149e-02	-1.200509e-02	2.711658e-02
127.95        	-1.979510e-02	1.544375e+01	1.535914e-02	-1.211554e-02	2.747467e-02
127.975       	-1.981454e-02	1.544421e+01	1.547972e-02	-1.207468e-02	2.755440e-02
128           	-1.978131e-02	1.544378e+01	1.522499e-02	-1.216881e-02	2.739380e-02
128.025       	-2.004210e-02	1.544370e+01	1.543951e-02	-1.232234e-02	2.776185e-02
128.05        	-1.999465e-02	1.544427e+01	1.559694e-02	-1.219618e-02	2.779311e-02
128.075       	-2.019330e-02	1.544397e+01	1.547064e-02	-1.245799e-02	2.792862e-02
128.1         	-2.012358e-02	1.544392e+01	1.546461e-02	-1.239128e-02	2.785589e-02
128.125       	-2.033290e-02	1.544382e+01	1.553088e-02	-1.256746e-02	2.809834e-02
128.15        	-2.034386e-02	1.544384e+01	1.563384e-02	-1.252694e-02	2.816078e-02
128.175       	-2.053757e-02	1.544427e+01	1.579042e-02	-1.264236e-02	2.843278e-02
128.2         	-2.034743e-02	1.544379e+01	1.545872e-02	-1.261807e-02	2.807679e-02
128.225       	-2.086690e-02	1.544395e+01	1.597837e-02	-1.287772e-02	2.885609e-02
128.25        	-2.043081e-02	1.544419e+01	1.549427e-02	-1.268367e-02	2.817795e-02
128.275       	-2.096727e-02	1.544399e+01	1.578444e-02	-1.307505e-02	2.885949e-02
128.3         	-2.067524e-02	1.544413e+01	1.585197e-02	-1.274926e-02	2.860122e-02
128.325       	-2.107720e-02	1.544385e+01	1.588081e-02	-1.313679e-02	2.901760e-02
128.35        	-2.088260e-02	1.544390e+01	1.588365e-02	-1.294077e-02	2.882442e-02
128.375       	-2.122360e-02	1.544448e+01	1.597318e-02	-1.323701e-02	2.921019e-02
128.4         	-2.095579e-02	1.544353e+01	1.580649e-02	-1.305255e-02	2.885904e-02
128.425       	-2.150635e-02	1.544450e+01	1.617819e-02	-1.341725e-02	2.959544e-02
128.45        	-2.109318e-02	1.544402e+01	1.595571e-02	-1.311532e-02	2.907103e-02
128.475       	-2.156113e-02	1.544401e+01	1.598287e-02	-1.356970e-02	2.955257e-02
128.5         	-2.133837e-02	1.544388e+01	1.607082e-02	-1.330296e-02	2.937378e-02
128.525       	-2.171960e-02	1.544450e+01	1.622367e-02	-1.360777e-02	2.983143e-02
128.55        	-2.146665e-02	1.544378e+01	1.601865e-02	-1.345732e-02	2.947597e-02
128.575       	-2.190964e-02	1.544400e+01	1.625264e-02	-1.378331e-02	3.003596e-02
128.6         	-2.166925e-02	1.544455e+01	1.628715e-02	-1.352568e-02	2.981283e-02
128.625       	-2.191228e-02	1.544369e+01	1.609890e-02	-1.386283e-02	2.996173e-02
128.65        	-2.204068e-02	1.544443e+01	1.656410e-02	-1.375862e-02	3.032273e-02
128.675       	-2.194870e-02	1.544422e+01	1.606360e-02	-1.391690e-02	2.998049e-02
128.7         	-2.226198e-02	1.544395e+01	1.660331e-02	-1.396032e-02	3.056363e-02
128.725       	-2.198832e-02	1.544417e+01	1.618595e-02	-1.389534e-02	3.008130e-02
128.75        	-2.249929e-02	1.544440e+01	1.658752e-02	-1.420553e-02	3.079305e-02
128.775       	-2.212550e-02	1.544423e+01	1.646857e-02	-1.389121e-02	3.035978e-02
128.8         	-2.262307e-02	1.544424e+01	1.645266e-02	-1.439674e-02	3.084940e-02
128.825       	-2.234050e-02	1.544407e+01	1.650231e-02	-1.408935e-02	3.059165e-02
128.85        	-2.273561e-02	1.544404e+01	1.657625e-02	-1.444748e-02	3.102373e-02
128.875       	-2.263934e-02	1.544441e+01	1.672688e-02	-1.427590e-02	3.100278e-02
128.9         	-2.269999e-02	1.544419e+01	1.647659e-02	-1.446170e-02	3.093828e-02
128.925       	-2.286097e-02	1.544403e+01	1.668508e-02	-1.451843e-02	3.120351e-02
128.95        	-2.294255e-02	1.544464e+01	1.684135e-02	-1.452187e-02	3.136322e-02
128.975       	-2.290446e-02	1.544400e+01	1.659887e-02	-1.460502e-02	3.120390e-02
129           	-2.313881e-02	1.544410e+01	1.679667e-02	-1.474048e-02	3.153715e-02
129.025       	-2.311757e-02	1.544468e+01	1.694512e-02	-1.464501e-02	3.159013e-02
129.05        	-2.327362e-02	1.544432e+01	1.679848e-02	-1.487438e-02	3.167286e-02
129.075       	-2.323006e-02	1.544432e+01	1.682015e-02	-1.481999e-02	3.164013e-02
129.1         	-2.342332e-02	1.544419e+01	1.688930e-02	-1.497867e-02	3.186798e-02
129.125       	-2.342180e-02	1.544420e+01	1.695843e-02	-1.494259e-02	3.190102e-02
129.15        	-2.362645e-02	1.544424e+01	1.712891e-02	-1.506200e-02	3.219091e-02
129.175       	-2.353487e-02	1.544446e+01	1.693957e-02	-1.506508e-02	3.200465e-02
129.2         	-2.372289e-02	1.544433e+01	1.697291e-02	-1.523643e-02	3.220934e-02
129.225       	-2.373696e-02	1.544414e+01	1.707061e-02	-1.520166e-02	3.227226e-02
129.25        	-2.392637e-02	1.544463e+01	1.727723e-02	-1.528776e-02	3.256499e-02
129.275       	-2.378431e-02	1.544417e+01	1.692804e-02	-1.532029e-02	3.224833e-02
129.3         	-2.424075e-02	1.544435e+01	1.738796e-02	-1.554677e-02	3.293474e-02
129.325       	-2.383052e-02	1.544461e+01	1.701210e-02	-1.532447e-02	3.233657e-02
129.35        	-2.442546e-02	1.544422e+01	1.752438e-02	-1.566327e-02	3.318765e-02
129.375       	-2.391141e-02	1.544448e+01	1.701960e-02	-1.540161e-02	3.242121e-02
129.4         	-2.466529e-02	1.544424e+01	1.735750e-02	-1.598654e-02	3.334404e-02
129.425       	-2.413576e-02	1.544456e+01	1.747777e-02	-1.539688e-02	3.287464e-02
129.45        	-2.471343e-02	1.544445e+01	1.737459e-02	-1.602613e-02	3.340072e-02
129.475       	-2.433919e-02	1.544440e+01	1.735610e-02	-1.566114e-02	3.301724e-02
129.5         	-2.477720e-02	1.544431e+01	1.740689e-02	-1.607376e-02	3.348065e-02
129.525       	-2.464672e-02	1.544453e+01	1.760134e-02	-1.584605e-02	3.344739e-02
129.55        	-2.483380e-02	1.544451e+01	1.750232e-02	-1.608264e-02	3.358496e-02
129.575       	-2.479992e-02	1.544438e+01	1.749952e-02	-1.605016e-02	3.354968e-02
129.6         	-2.497485e-02	1.544434e+01	1.755152e-02	-1.619909e-02	3.375061e-02
129.625       	-2.502903e-02	1.544467e+01	1.771449e-02	-1.617179e-02	3.388627e-02
129.65        	-2.504976e-02	1.544431e+01	1.753547e-02	-1.628203e-02	3.381750e-02
129.675       	-2.529392e-02	1.544447e+01	1.787158e-02	-1.635814e-02	3.422971e-02
129.7         	-2.500148e-02	1.544464e+01	1.747003e-02	-1.626646e-02	3.373650e-02
129.725       	-2.558353e-02	1.544443e+01	1.780814e-02	-1.667946e-02	3.448760e-02
129.75        	-2.519342e-02	1.544460e+01	1.783028e-02	-1.627828e-02	3.410856e-02
129.775       	-2.567642e-02	1.544435e+01	1.784590e-02	-1.675346e-02	3.459937e-02
129.8         	-2.546571e-02	1.544446e+01	1.786558e-02	-1.653292e-02	3.439850e-02
129.825       	-2.567737e-02	1.544472e+01	1.786388e-02	-1.674543e-02	3.460931e-02
129.85        	-2.566609e-02	1.544455e+01	1.791185e-02	-1.671016e-02	3.462201e-02
129.875       	-2.583370e-02	1.544446e+01	1.795020e-02	-1.685860e-02	3.480880e-02
129.9         	-2.590245e-02	1.544457e+01	1.813539e-02	-1.683476e-02	3.497015e-02
129.925       	-2.589443e-02	1.544463e+01	1.792146e-02	-1.693370e-02	3.485516e-02
129.95        	-2.601098e-02	1.544465e+01	1.797081e-02	-1.702558e-02	3.499639e-02
129.975       	-2.609356e-02	1.544441e+01	1.807270e-02	-1.705721e-02	3.512991e-02
130           	-2.619218e-02	1.544439e+01	1.815487e-02	-1.711475e-02	3.526962e-02
130.025       	-2.628242e-02	1.544509e+01	1.820577e-02	-1.717953e-02	3.538530e-02
130.05        	-2.622665e-02	1.544410e+01	1.807122e-02	-1.719104e-02	3.526226e-02
130.075       	-2.657609e-02	1.544495e+01	1.835918e-02	-1.739650e-02	3.575568e-02
130.1         	-2.633759e-02	1.544445e+01	1.820341e-02	-1.723589e-02	3.543930e-02
130.125       	-2.661396e-02	1.544458e+01	1.821917e-02	-1.750437e-02	3.572354e-02
130.15        	-2.664995e-02	1.544472e+01	1.839480e-02	-1.745255e-02	3.584735e-02
130.175       	-2.668096e-02	1.544467e+01	1.830699e-02	-1.752747e-02	3.583446e-02
130.2         	-2.677728e-02	1.544464e+01	1.833082e-02	-1.761187e-02	3.594269e-02
130.225       	-2.684097e-02	1.544457e+01	1.839030e-02	-1.764582e-02	3.603612e-02
130.25        	-2.692907e-02	1.544445e+01	1.844631e-02	-1.770592e-02	3.615223e-02
130.275       	-2.708572e-02	1.544499e+01	1.862747e-02	-1.777198e-02	3.639945e-02
130.3         	-2.692168e-02	1.544433e+01	1.826014e-02	-1.779161e-02	3.605175e-02
130.325       	-2.742641e-02	1.544472e+01	1.877328e-02	-1.803977e-02	3.681306e-02
130.35        	-2.696910e-02	1.544490e+01	1.832949e-02	-1.780436e-02	3.613384e-02
130.375       	-2.760481e-02	1.544470e+01	1.883795e-02	-1.818584e-02	3.702379e-02
130.4         	-2.696496e-02	1.544464e+01	1.837823e-02	-1.777584e-02	3.615407e-02
130.425       	-2.792735e-02	1.544451e+01	1.874857e-02	-1.855306e-02	3.730163e-02
130.45        	-2.720765e-02	1.544472e+01	1.885329e-02	-1.778101e-02	3.663430e-02
130.475       	-2.791111e-02	1.544469e+01	1.867249e-02	-1.857486e-02	3.724735e-02
130.5         	-2.740499e-02	1.544472e+01	1.869442e-02	-1.805778e-02	3.675220e-02
130.525       	-2.800530e-02	1.544495e+01	1.885774e-02	-1.857643e-02	3.743417e-02
130.55        	-2.762343e-02	1.544479e+01	1.879351e-02	-1.822667e-02	3.702018e-02
130.575       	-2.815353e-02	1.544430e+01	1.889856e-02	-1.870425e-02	3.760281e-02
130.6         	-2.771175e-02	1.544521e+01	1.875617e-02	-1.833366e-02	3.708983e-02
130.625       	-2.830774e-02	1.544464e+01	1.894023e-02	-1.883762e-02	3.777786e-02
130.65        	-2.793606e-02	1.544473e+01	1.898042e-02	-1.844585e-02	3.742627e-02
130.675       	-2.838404e-02	1.544459e+01	1.899969e-02	-1.888420e-02	3.788388e-02
130.7         	-2.821616e-02	1.544488e+01	1.906870e-02	-1.868182e-02	3.775051e-02
130.725       	-2.838712e-02	1.544497e+01	1.902130e-02	-1.887647e-02	3.789776e-02
130.75        	-2.840408e-02	1.544469e+01	1.904310e-02	-1.888253e-02	3.792563e-02
130.775       	-2.852856e-02	1.544472e+01	1.908634e-02	-1.898539e-02	3.807173e-02
130.8         	-2.865398e-02	1.544475e+01	1.928059e-02	-1.901369e-02	3.829428e-02
130.825       	-2.858114e-02	1.544481e+01	1.912860e-02	-1.901685e-02	3.814544e-02
130.85        	-2.876622e-02	1.544480e+01	1.913465e-02	-1.919890e-02	3.833355e-02
130.875       	-2.883860e-02	1.544488e+01	1.931754e-02	-1.917983e-02	3.849737e-02
130.9         	-2.883730e-02	1.544482e+01	1.922806e-02	-1.922327e-02	3.845133e-02
130.925       	-2.895629e-02	1.544483e+01	1.924602e-02	-1.933327e-02	3.857930e-02
130.95        	-2.898419e-02	1.544473e+01	1.929958e-02	-1.933441e-02	3.863398e-02
130.975       	-2.922421e-02	1.544490e+01	1.948780e-02	-1.948031e-02	3.896811e-02
131           	-2.905712e-02	1.544502e+01	1.937370e-02	-1.937027e-02	3.874397e-02
131.025       	-2.933202e-02	1.544482e+01	1.936161e-02	-1.965121e-02	3.901283e-02
131.05        	-2.923198e-02	1.544483e+01	1.941063e-02	-1.952666e-02	3.893729e-02
131.075       	-2.947871e-02	1.544461e+01	1.949884e-02	-1.972929e-02	3.922813e-02
131.1         	-2.948121e-02	1.544501e+01	1.964286e-02	-1.965978e-02	3.930265e-02
131.125       	-2.947975e-02	1.544488e+01	1.939061e-02	-1.978445e-02	3.917506e-02
131.15        	-2.967386e-02	1.544466e+01	1.959077e-02	-1.987848e-02	3.946924e-02
131.175       	-2.970371e-02	1.544528e+01	1.973000e-02	-1.983871e-02	3.956871e-02
131.2         	-2.976627e-02	1.544490e+01	1.961606e-02	-1.995824e-02	3.957430e-02
131.225       	-2.982549e-02	1.544440e+01	1.960416e-02	-2.002342e-02	3.962757e-02
131.25        	-2.995564e-02	1.544546e+01	1.980641e-02	-2.005244e-02	3.985885e-02
131.275       	-2.995634e-02	1.544486e+01	1.969479e-02	-2.010894e-02	3.980373e-02
131.3         	-3.005435e-02	1.544483e+01	1.971465e-02	-2.019703e-02	3.991168e-02
131.325       	-3.013404e-02	1.544473e+01	1.977962e-02	-2.024423e-02	4.002385e-02
131.35        	-3.024766e-02	1.544517e+01	1.992487e-02	-2.028523e-02	4.021010e-02
131.375       	-3.025095e-02	1.544499e+01	1.983356e-02	-2.033417e-02	4.016772e-02
131.4         	-3.035430e-02	1.544491e+01	1.984017e-02	-2.043421e-02	4.027438e-02
131.425       	-3.040613e-02	1.544483e+01	1.989072e-02	-2.046077e-02	4.035149e-02
131.45        	-3.058104e-02	1.544500e+01	2.005832e-02	-2.055188e-02	4.061020e-02
131.475       	-3.049025e-02	1.544489e+01	1.995108e-02	-2.051471e-02	4.046579e-02
131.5         	-3.065734e-02	1.544492e+01	1.995078e-02	-2.068195e-02	4.063273e-02
131.525       	-3.075807e-02	1.544503e+01	2.012998e-02	-2.069308e-02	4.082305e-02
131.55        	-3.063754e-02	1.544519e+01	1.983734e-02	-2.071888e-02	4.055621e-02
131.575       	-3.106579e-02	1.544470e+01	2.025531e-02	-2.093814e-02	4.119345e-02
131.6         	-3.079194e-02	1.544494e+01	2.018580e-02	-2.069903e-02	4.088484e-02
131.625       	-3.109476e-02	1.544530e+01	2.002650e-02	-2.108151e-02	4.110801e-02
131.65        	-3.105457e-02	1.544485e+01	2.041077e-02	-2.084919e-02	4.125996e-02
131.675       	-3.109743e-02	1.544533e+01	1.997480e-02	-2.111003e-02	4.108483e-02
131.7         	-3.133134e-02	1.544447e+01	2.043844e-02	-2.111212e-02	4.155056e-02
131.725       	-3.118768e-02	1.544497e+01	2.024173e-02	-2.106681e-02	4.130854e-02
131.75        	-3.147163e-02	1.544523e+01	2.035275e-02	-2.129525e-02	4.164801e-02
131.775       	-3.125490e-02	1.544514e+01	2.021469e-02	-2.114756e-02	4.136225e-02
131.8         	-3.173430e-02	1.544501e+01	2.054102e-02	-2.146379e-02	4.200481e-02
131.825       	-3.138018e-02	1.544496e+01	2.034805e-02	-2.120615e-02	4.155420e-02
131.85        	-3.176909e-02	1.544497e+01	2.036047e-02	-2.158886e-02	4.194933e-02
131.875       	-3.163326e-02	1.544531e+01	2.051213e-02	-2.137719e-02	4.188932e-02
131.9         	-3.185263e-02	1.544509e+01	2.046215e-02	-2.162155e-02	4.208370e-02
131.925       	-3.178399e-02	1.544505e+01	2.048598e-02	-2.154100e-02	4.202697e-02
131.95        	-3.197694e-02	1.544493e+01	2.052898e-02	-2.171245e-02	4.224143e-02
131.975       	-3.206754e-02	1.544491e+01	2.075143e-02	-2.169182e-02	4.244325e-02
132           	-3.195049e-02	1.544505e+01	2.048200e-02	-2.170949e-02	4.219149e-02
132.025       	-3.222961e-02	1.544540e+01	2.065421e-02	-2.190251e-02	4.255672e-02
132.05        	-3.211928e-02	1.544512e+01	2.062142e-02	-2.180857e-02	4.242999e-02
132.075       	-3.233951e-02	1.544510e+01	2.067367e-02	-2.200267e-02	4.267634e-02
132.1         	-3.229985e-02	1.544498e+01	2.072321e-02	-2.193825e-02	4.266145e-02
132.125       	-3.246872e-02	1.544493e+01	2.076450e-02	-2.208647e-02	4.285097e-02
132.15        	-3.252650e-02	1.544530e+01	2.090364e-02	-2.207468e-02	4.297832e-02
132.175       	-3.245565e-02	1.544502e+01	2.062829e-02	-2.214151e-02	4.276979e-02
132.2         	-3.272287e-02	1.544491e+01	2.087237e-02	-2.228669e-02	4.315906e-02
132.225       	-3.269540e-02	1.544546e+01	2.102910e-02	-2.218085e-02	4.320995e-02
132.25        	-3.275084e-02	1.544515e+01	2.080885e-02	-2.234642e-02	4.315527e-02
132.275       	-3.280638e-02	1.544524e+01	2.085443e-02	-2.237916e-02	4.323359e-02
132.3         	-3.291807e-02	1.544496e+01	2.094115e-02	-2.244750e-02	4.338864e-02
132.325       	-3.296799e-02	1.544504e+01	2.100405e-02	-2.246596e-02	4.347001e-02
132.35        	-3.312928e-02	1.544524e+01	2.116247e-02	-2.254804e-02	4.371052e-02
132.375       	-3.300498e-02	1.544527e+01	2.093826e-02	-2.253585e-02	4.347411e-02
132.4         	-3.324859e-02	1.544522e+01	2.100061e-02	-2.274828e-02	4.374890e-02
132.425       	-3.318460e-02	1.544503e+01	2.108240e-02	-2.264340e-02	4.372580e-02
132.45        	-3.339764e-02	1.544497e+01	2.116454e-02	-2.281537e-02	4.397991e-02
132.475       	-3.339672e-02	1.544547e+01	2.127528e-02	-2.275908e-02	4.403436e-02
132.5         	-3.336186e-02	1.544498e+01	2.101253e-02	-2.285559e-02	4.386812e-02
132.525       	-3.370207e-02	1.544532e+01	2.130096e-02	-2.305159e-02	4.435255e-02
132.55        	-3.342787e-02	1.544527e+01	2.123623e-02	-2.280975e-02	4.404598e-02
132.575       	-3.378390e-02	1.544508e+01	2.125178e-02	-2.315801e-02	4.440979e-02
132.6         	-3.364061e-02	1.544498e+01	2.128552e-02	-2.299785e-02	4.428337e-02
132.625       	-3.392574e-02	1.544559e+01	2.145708e-02	-2.319720e-02	4.465428e-02
132.65        	-3.366529e-02	1.544500e+01	2.114380e-02	-2.309340e-02	4.423719e-02
132.675       	-3.424548e-02	1.544519e+01	2.162648e-02	-2.343224e-02	4.505872e-02
132.7         	-3.365520e-02	1.544551e+01	2.113150e-02	-2.308945e-02	4.422095e-02
132.725       	-3.449528e-02	1.544521e+01	2.174456e-02	-2.362300e-02	4.536756e-02
132.75        	-3.357797e-02	1.544524e+01	2.111274e-02	-2.302160e-02	4.413433e-02
132.775       	-3.492063e-02	1.544500e+01	2.178013e-02	-2.403057e-02	4.581070e-02
132.8         	-3.362240e-02	1.544546e+01	2.135408e-02	-2.294536e-02	4.429944e-02
132.825       	-3.484862e-02	1.544513e+01	2.152456e-02	-2.408634e-02	4.561090e-02
132.85        	-3.395823e-02	1.544523e+01	2.161277e-02	-2.315184e-02	4.476461e-02
132.875       	-3.481092e-02	1.544517e+01	2.172414e-02	-2.394885e-02	4.567299e-02
132.9         	-3.434746e-02	1.544550e+01	2.159496e-02	-2.354998e-02	4.514494e-02
132.925       	-3.475287e-02	1.544529e+01	2.158391e-02	-2.396091e-02	4.554482e-02
132.95        	-3.453788e-02	1.544520e+01	2.164889e-02	-2.371344e-02	4.536233e-02
132.975       	-3.490452e-02	1.544534e+01	2.182506e-02	-2.399199e-02	4.581705e-02
133           	-3.468969e-02	1.544535e+01	2.172529e-02	-2.382705e-02	4.555234e-02
133.025       	-3.495237e-02	1.544522e+01	2.171056e-02	-2.409709e-02	4.580765e-02
133.05        	-3.486609e-02	1.544520e+01	2.176084e-02	-2.398567e-02	4.574651e-02
133.075       	-3.511195e-02	1.544548e+01	2.191528e-02	-2.415431e-02	4.606959e-02
133.1         	-3.499633e-02	1.544538e+01	2.182756e-02	-2.408254e-02	4.591011e-02
133.125       	-3.518492e-02	1.544529e+01	2.182736e-02	-2.427124e-02	4.609861e-02
133.15        	-3.515642e-02	1.544522e+01	2.187639e-02	-2.421823e-02	4.609462e-02
133.175       	-3.532813e-02	1.544510e+01	2.193760e-02	-2.435933e-02	4.629693e-02
133.2         	-3.536225e-02	1.544562e+01	2.209436e-02	-2.431507e-02	4.640943e-02
133.225       	-3.531330e-02	1.544512e+01	2.176859e-02	-2.442901e-02	4.619760e-02
133.25        	-3.566862e-02	1.544529e+01	2.227017e-02	-2.453353e-02	4.680370e-02
133.275       	-3.527520e-02	1.544571e+01	2.174796e-02	-2.440122e-02	4.614918e-02
133.3         	-3.593683e-02	1.544504e+01	2.231718e-02	-2.477824e-02	4.709542e-02
133.325       	-3.519518e-02	1.544538e+01	2.183165e-02	-2.427936e-02	4.611101e-02
133.35        	-3.625297e-02	1.544563e+01	2.241249e-02	-2.504673e-02	4.745922e-02
133.375       	-3.525316e-02	1.544531e+01	2.186997e-02	-2.431817e-02	4.618814e-02
133.4         	-3.659324e-02	1.544538e+01	2.240196e-02	-2.539226e-02	4.779422e-02
133.425       	-3.511802e-02	1.544519e+01	2.214094e-02	-2.404755e-02	4.618849e-02
133.45        	-3.663871e-02	1.544532e+01	2.214735e-02	-2.556504e-02	4.771239e-02
133.475       	-3.558680e-02	1.544555e+01	2.222654e-02	-2.447353e-02	4.670007e-02
133.5         	-3.653954e-02	1.544540e+01	2.229543e-02	-2.539183e-02	4.768726e-02
133.525       	-3.584088e-02	1.544526e+01	2.234235e-02	-2.466970e-02	4.701206e-02
133.55        	-3.663555e-02	1.544552e+01	2.237699e-02	-2.544705e-02	4.782404e-02
133.575       	-3.588191e-02	1.544545e+01	2.223527e-02	-2.476427e-02	4.699955e-02
133.6         	-3.683365e-02	1.544551e+01	2.255787e-02	-2.555472e-02	4.811258e-02
133.625       	-3.604480e-02	1.544531e+01	2.235437e-02	-2.486762e-02	4.722199e-02
133.65        	-3.680660e-02	1.544537e+01	2.236275e-02	-2.562523e-02	4.798798e-02
133.675       	-3.637443e-02	1.544553e+01	2.252965e-02	-2.510960e-02	4.763925e-02
133.7         	-3.678224e-02	1.544555e+01	2.245853e-02	-2.555298e-02	4.801151e-02
133.725       	-3.657081e-02	1.544537e+01	2.246983e-02	-2.533589e-02	4.780572e-02
133.75        	-3.686337e-02	1.544534e+01	2.250788e-02	-2.560943e-02	4.811731e-02
133.775       	-3.677861e-02	1.544560e+01	2.265686e-02	-2.545018e-02	4.810704e-02
133.8         	-3.694173e-02	1.544556e+01	2.256958e-02	-2.565694e-02	4.822652e-02
133.825       	-3.688876e-02	1.544542e+01	2.257032e-02	-2.560361e-02	4.817392e-02
133.85        	-3.705141e-02	1.544540e+01	2.260592e-02	-2.574845e-02	4.835437e-02
133.875       	-3.706174e-02	1.544519e+01	2.268284e-02	-2.572032e-02	4.840316e-02
133.9         	-3.723521e-02	1.544582e+01	2.283360e-02	-2.581841e-02	4.865201e-02
133.925       	-3.704153e-02	1.544525e+01	2.249781e-02	-2.579263e-02	4.829044e-02
133.95        	-3.755026e-02	1.544540e+01	2.300382e-02	-2.604835e-02	4.905217e-02
133.975       	-3.700003e-02	1.544589e+01	2.246407e-02	-2.576800e-02	4.823207e-02
134           	-3.778255e-02	1.544543e+01	2.308167e-02	-2.624172e-02	4.932338e-02
134.025       	-3.691334e-02	1.544561e+01	2.247782e-02	-2.567443e-02	4.815225e-02
134.05        	-3.825141e-02	1.544516e+01	2.315860e-02	-2.667211e-02	4.983071e-02
134.075       	-3.685535e-02	1.544580e+01	2.268358e-02	-2.551355e-02	4.819714e-02
134.1         	-3.827412e-02	1.544538e+01	2.287460e-02	-2.683682e-02	4.971142e-02
134.125       	-3.713986e-02	1.544549e+01	2.295768e-02	-2.566102e-02	4.861870e-02
134.15        	-3.833882e-02	1.544559e+01	2.311088e-02	-2.678338e-02	4.989427e-02
134.175       	-3.720222e-02	1.544560e+01	2.282856e-02	-2.578794e-02	4.861650e-02
134.2         	-3.840984e-02	1.544562e+01	2.289851e-02	-2.696059e-02	4.985909e-02
134.225       	-3.751149e-02	1.544535e+01	2.304424e-02	-2.598937e-02	4.903360e-02
134.25        	-3.844909e-02	1.544571e+01	2.316058e-02	-2.686880e-02	5.002938e-02
134.275       	-3.772751e-02	1.544561e+01	2.305248e-02	-2.620127e-02	4.925375e-02
134.3         	-3.837793e-02	1.544553e+01	2.302048e-02	-2.686769e-02	4.988817e-02
134.325       	-3.798974e-02	1.544544e+01	2.308073e-02	-2.644937e-02	4.953010e-02
134.35        	-3.845963e-02	1.544574e+01	2.323969e-02	-2.683979e-02	5.007947e-02
134.375       	-3.816445e-02	1.544568e+01	2.314815e-02	-2.659038e-02	4.973853e-02
134.4         	-3.847773e-02	1.544554e+01	2.313223e-02	-2.691161e-02	5.004384e-02
134.425       	-3.834942e-02	1.544547e+01	2.317720e-02	-2.676081e-02	4.993802e-02
134.45        	-3.856700e-02	1.544532e+01	2.325045e-02	-2.694177e-02	5.019222e-02
134.475       	-3.854827e-02	1.544589e+01	2.335116e-02	-2.687269e-02	5.022385e-02
134.5         	-3.852331e-02	1.544551e+01	2.311633e-02	-2.696514e-02	5.008147e-02
134.525       	-3.889005e-02	1.544567e+01	2.348469e-02	-2.714771e-02	5.063240e-02
134.55        	-3.852436e-02	1.544559e+01	2.329167e-02	-2.687853e-02	5.017019e-02
134.575       	-3.896057e-02	1.544556e+01	2.329466e-02	-2.731324e-02	5.060790e-02
134.6         	-3.874726e-02	1.544588e+01	2.342247e-02	-2.703603e-02	5.045850e-02
134.625       	-3.901409e-02	1.544572e+01	2.337518e-02	-2.732650e-02	5.070168e-02
134.65        	-3.888441e-02	1.544562e+01	2.340790e-02	-2.718046e-02	5.058836e-02
134.675       	-3.909614e-02	1.544563e+01	2.343373e-02	-2.737927e-02	5.081300e-02
134.7         	-3.905132e-02	1.544541e+01	2.347686e-02	-2.731288e-02	5.078975e-02
134.725       	-3.927092e-02	1.544570e+01	2.363880e-02	-2.745153e-02	5.109032e-02
134.75        	-3.906246e-02	1.544579e+01	2.341072e-02	-2.735710e-02	5.076782e-02
134.775       	-3.938650e-02	1.544577e+01	2.347215e-02	-2.765042e-02	5.112257e-02
134.8         	-3.921568e-02	1.544549e+01	2.355629e-02	-2.743753e-02	5.099382e-02
134.825       	-3.950274e-02	1.544576e+01	2.368924e-02	-2.765812e-02	5.134736e-02
134.85        	-3.935226e-02	1.544568e+01	2.358414e-02	-2.756018e-02	5.114433e-02
134.875       	-3.954653e-02	1.544564e+01	2.357888e-02	-2.775709e-02	5.133597e-02
134.9         	-3.956395e-02	1.544569e+01	2.372760e-02	-2.770015e-02	5.142775e-02
134.925       	-3.958280e-02	1.544585e+01	2.366019e-02	-2.775271e-02	5.141290e-02
134.95        	-3.968491e-02	1.544566e+01	2.364753e-02	-2.786115e-02	5.150868e-02
134.975       	-3.972146e-02	1.544559e+01	2.370032e-02	-2.787130e-02	5.157162e-02
135           	-3.983395e-02	1.544596e+01	2.383463e-02	-2.791664e-02	5.175127e-02
135.025       	-3.981984e-02	1.544581e+01	2.373745e-02	-2.795111e-02	5.168856e-02
135.05        	-3.994762e-02	1.544517e+01	2.378287e-02	-2.805618e-02	5.183905e-02
135.075       	-3.989384e-02	1.544645e+01	2.378868e-02	-2.799950e-02	5.178818e-02
135.1         	-4.009116e-02	1.544556e+01	2.382679e-02	-2.817777e-02	5.200455e-02
135.125       	-3.999230e-02	1.544567e+01	2.384373e-02	-2.807044e-02	5.191417e-02
135.15        	-4.021926e-02	1.544549e+01	2.388665e-02	-2.827594e-02	5.216259e-02
135.175       	-4.019410e-02	1.544619e+01	2.404983e-02	-2.816918e-02	5.221901e-02
135.2         	-4.022883e-02	1.544569e+01	2.381398e-02	-2.832184e-02	5.213581e-02
135.225       	-4.035482e-02	1.544552e+01	2.397155e-02	-2.836904e-02	5.234059e-02
135.25        	-4.027674e-02	1.544613e+01	2.389646e-02	-2.832851e-02	5.222497e-02
135.275       	-4.045103e-02	1.544575e+01	2.398230e-02	-2.845988e-02	5.244218e-02
135.3         	-4.043686e-02	1.544562e+01	2.402684e-02	-2.842344e-02	5.245028e-02
135.325       	-4.057493e-02	1.544560e+01	2.404689e-02	-2.855148e-02	5.259837e-02
135.35        	-4.058437e-02	1.544630e+01	2.411639e-02	-2.852617e-02	5.264256e-02
135.375       	-4.058681e-02	1.544530e+01	2.396300e-02	-2.860531e-02	5.256831e-02
135.4         	-4.078765e-02	1.544611e+01	2.423497e-02	-2.867016e-02	5.290514e-02
135.425       	-4.064543e-02	1.544595e+01	2.409345e-02	-2.859871e-02	5.269216e-02
135.45        	-4.084915e-02	1.544563e+01	2.407515e-02	-2.881158e-02	5.288672e-02
135.475       	-4.084945e-02	1.544582e+01	2.424365e-02	-2.872762e-02	5.297128e-02
135.5         	-4.090077e-02	1.544590e+01	2.414136e-02	-2.883009e-02	5.297146e-02
135.525       	-4.093031e-02	1.544590e+01	2.413896e-02	-2.886083e-02	5.299979e-02
135.55        	-4.104202e-02	1.544563e+01	2.419862e-02	-2.894271e-02	5.314133e-02
135.575       	-4.108497e-02	1.544623e+01	2.433015e-02	-2.891990e-02	5.325004e-02
135.6         	-4.107350e-02	1.544553e+01	2.412965e-02	-2.900868e-02	5.313833e-02
135.625       	-4.133767e-02	1.544603e+01	2.453337e-02	-2.907099e-02	5.360436e-02
135.65        	-4.096805e-02	1.544603e+01	2.397584e-02	-2.898013e-02	5.295596e-02
135.675       	-4.168395e-02	1.544584e+01	2.462890e-02	-2.936951e-02	5.399840e-02
135.7         	-4.079261e-02	1.544587e+01	2.410058e-02	-2.874232e-02	5.284290e-02
135.725       	-4.206455e-02	1.544573e+01	2.445265e-02	-2.983823e-02	5.429088e-02
135.75        	-4.075767e-02	1.544608e+01	2.440306e-02	-2.855614e-02	5.295920e-02
135.775       	-4.215289e-02	1.544592e+01	2.440621e-02	-2.994979e-02	5.435600e-02
135.8         	-4.104981e-02	1.544591e+01	2.445054e-02	-2.882453e-02	5.327508e-02
135.825       	-4.205763e-02	1.544571e+01	2.444015e-02	-2.983756e-02	5.427771e-02
135.85        	-4.130350e-02	1.544611e+01	2.455396e-02	-2.902652e-02	5.358049e-02
135.875       	-4.207549e-02	1.544594e+01	2.432701e-02	-2.991199e-02	5.423900e-02
135.9         	-4.143273e-02	1.544560e+01	2.476409e-02	-2.905069e-02	5.381478e-02
135.925       	-4.204610e-02	1.544646e+01	2.424354e-02	-2.992433e-02	5.416787e-02
135.95        	-4.175761e-02	1.544583e+01	2.481905e-02	-2.934809e-02	5.416714e-02
135.975       	-4.201373e-02	1.544612e+01	2.433974e-02	-2.984386e-02	5.418360e-02
136           	-4.185391e-02	1.544570e+01	2.466941e-02	-2.951921e-02	5.418862e-02
136.025       	-4.225426e-02	1.544633e+01	2.470859e-02	-2.989997e-02	5.460855e-02
136.05        	-4.183459e-02	1.544580e+01	2.459585e-02	-2.953666e-02	5.413251e-02
136.075       	-4.228445e-02	1.544595e+01	2.458670e-02	-2.999110e-02	5.457780e-02
136.1         	-4.208142e-02	1.544574e+01	2.466465e-02	-2.974910e-02	5.441374e-02
136.125       	-4.235048e-02	1.544635e+01	2.480630e-02	-2.994733e-02	5.475363e-02
136.15        	-4.210594e-02	1.544586e+01	2.452869e-02	-2.984159e-02	5.437028e-02
136.175       	-4.262165e-02	1.544614e+01	2.489240e-02	-3.017545e-02	5.506785e-02
136.2         	-4.212776e-02	1.544594e+01	2.470085e-02	-2.977733e-02	5.447818e-02
136.225       	-4.265421e-02	1.544594e+01	2.471238e-02	-3.029802e-02	5.501040e-02
136.25        	-4.227399e-02	1.544636e+01	2.483981e-02	-2.985408e-02	5.469389e-02
136.275       	-4.274552e-02	1.544611e+01	2.478594e-02	-3.035255e-02	5.513849e-02
136.3         	-4.244426e-02	1.544541e+01	2.484406e-02	-3.002223e-02	5.486630e-02
136.325       	-4.272785e-02	1.544686e+01	2.478064e-02	-3.033753e-02	5.511817e-02
136.35        	-4.262662e-02	1.544581e+01	2.487107e-02	-3.019108e-02	5.506215e-02
136.375       	-4.277334e-02	1.544598e+01	2.487609e-02	-3.033530e-02	5.521139e-02
136.4         	-4.279032e-02	1.544581e+01	2.490590e-02	-3.033737e-02	5.524327e-02
136.425       	-4.290598e-02	1.544638e+01	2.500920e-02	-3.040137e-02	5.541058e-02
136.45        	-4.271104e-02	1.544604e+01	2.475929e-02	-3.033140e-02	5.509069e-02
136.475       	-4.325103e-02	1.544592e+01	2.519886e-02	-3.065160e-02	5.585046e-02
136.5         	-4.261248e-02	1.544656e+01	2.468291e-02	-3.027102e-02	5.495393e-02
136.525       	-4.339667e-02	1.544575e+01	2.519447e-02	-3.079944e-02	5.599391e-02
136.55        	-4.269805e-02	1.544636e+01	2.477992e-02	-3.030809e-02	5.508801e-02
136.575       	-4.359552e-02	1.544621e+01	2.535266e-02	-3.091919e-02	5.627185e-02
136.6         	-4.262719e-02	1.544615e+01	2.471794e-02	-3.026822e-02	5.498617e-02
136.625       	-4.397897e-02	1.544606e+01	2.534503e-02	-3.130645e-02	5.665148e-02
136.65        	-4.237882e-02	1.544604e+01	2.486187e-02	-2.994789e-02	5.480976e-02
136.675       	-4.426380e-02	1.544637e+01	2.529786e-02	-3.161487e-02	5.691273e-02
136.7         	-4.248261e-02	1.544610e+01	2.503476e-02	-2.996522e-02	5.499999e-02
136.725       	-4.420390e-02	1.544618e+01	2.506099e-02	-3.167340e-02	5.673439e-02
136.75        	-4.281458e-02	1.544598e+01	2.515778e-02	-3.023570e-02	5.539347e-02
136.775       	-4.413578e-02	1.544654e+01	2.526319e-02	-3.150418e-02	5.676737e-02
136.8         	-4.300728e-02	1.544623e+01	2.513850e-02	-3.043803e-02	5.557653e-02
136.825       	-4.423631e-02	1.544589e+01	2.531516e-02	-3.157873e-02	5.689389e-02
136.85        	-4.300533e-02	1.544646e+01	2.497430e-02	-3.051818e-02	5.549248e-02
136.875       	-4.440129e-02	1.544605e+01	2.542568e-02	-3.168845e-02	5.711413e-02
136.9         	-4.299728e-02	1.544617e+01	2.521355e-02	-3.039051e-02	5.560405e-02
136.925       	-4.458137e-02	1.544628e+01	2.530952e-02	-3.192661e-02	5.723613e-02
136.95        	-4.307946e-02	1.544642e+01	2.523495e-02	-3.046199e-02	5.569693e-02
136.975       	-4.455568e-02	1.544639e+01	2.524232e-02	-3.193452e-02	5.717685e-02
137           	-4.337709e-02	1.544613e+01	2.533893e-02	-3.070763e-02	5.604656e-02
137.025       	-4.451380e-02	1.544628e+01	2.544261e-02	-3.179249e-02	5.723510e-02
137.05        	-4.359266e-02	1.544633e+01	2.534853e-02	-3.091839e-02	5.626693e-02
137.075       	-4.442070e-02	1.544626e+01	2.530755e-02	-3.176693e-02	5.707448e-02
137.1         	-4.384513e-02	1.544616e+01	2.536235e-02	-3.116396e-02	5.652631e-02
137.125       	-4.443745e-02	1.544659e+01	2.550250e-02	-3.168620e-02	5.718870e-02
137.15        	-4.392213e-02	1.544605e+01	2.529520e-02	-3.127453e-02	5.656974e-02
137.175       	-4.458963e-02	1.544653e+01	2.558699e-02	-3.179614e-02	5.738313e-02
137.2         	-4.402366e-02	1.544629e+01	2.542239e-02	-3.131246e-02	5.673486e-02
137.225       	-4.460378e-02	1.544620e+01	2.541937e-02	-3.189409e-02	5.731346e-02
137.25        	-4.422429e-02	1.544642e+01	2.564824e-02	-3.140016e-02	5.704841e-02
137.275       	-4.458115e-02	1.544640e+01	2.539575e-02	-3.188328e-02	5.727903e-02
137.3         	-4.430573e-02	1.544652e+01	2.543232e-02	-3.158957e-02	5.702189e-02
137.325       	-4.469360e-02	1.544601e+01	2.554337e-02	-3.192191e-02	5.746529e-02
137.35        	-4.449742e-02	1.544671e+01	2.574341e-02	-3.162571e-02	5.736912e-02
137.375       	-4.471267e-02	1.544628e+01	2.541119e-02	-3.200707e-02	5.741826e-02
137.4         	-4.448011e-02	1.544649e+01	2.549559e-02	-3.173232e-02	5.722791e-02
137.425       	-4.488539e-02	1.544612e+01	2.565883e-02	-3.205598e-02	5.771480e-02
137.45        	-4.461358e-02	1.544662e+01	2.567575e-02	-3.177571e-02	5.745146e-02
137.475       	-4.487812e-02	1.544650e+01	2.556812e-02	-3.209406e-02	5.766218e-02
137.5         	-4.480810e-02	1.544643e+01	2.574051e-02	-3.193784e-02	5.767835e-02
137.525       	-4.491284e-02	1.544641e+01	2.563469e-02	-3.209549e-02	5.773018e-02
137.55        	-4.486224e-02	1.544644e+01	2.563288e-02	-3.204580e-02	5.767868e-02
137.575       	-4.504169e-02	1.544657e+01	2.574094e-02	-3.217122e-02	5.791215e-02
137.6         	-4.493165e-02	1.544656e+01	2.568834e-02	-3.208748e-02	5.777582e-02
137.625       	-4.509249e-02	1.544641e+01	2.568415e-02	-3.225042e-02	5.793457e-02
137.65        	-4.504764e-02	1.544634e+01	2.571580e-02	-3.218974e-02	5.790554e-02
137.675       	-4.520294e-02	1.544667e+01	2.583420e-02	-3.228584e-02	5.812004e-02
137.7         	-4.512185e-02	1.544661e+01	2.574744e-02	-3.224813e-02	5.799557e-02
137.725       	-4.523706e-02	1.544650e+01	2.573616e-02	-3.236899e-02	5.810514e-02
137.75        	-4.521756e-02	1.544644e+01	2.576441e-02	-3.233535e-02	5.809977e-02
137.775       	-4.534939e-02	1.544621e+01	2.582665e-02	-3.243606e-02	5.826272e-02
137.8         	-4.535900e-02	1.544677e+01	2.593326e-02	-3.239237e-02	5.832563e-02
137.825       	-4.525064e-02	1.544651e+01	2.564681e-02	-3.242724e-02	5.807405e-02
137.85        	-4.564216e-02	1.544662e+01	2.598166e-02	-3.265133e-02	5.863299e-02
137.875       	-4.525569e-02	1.544663e+01	2.587081e-02	-3.232029e-02	5.819109e-02
137.9         	-4.565197e-02	1.544653e+01	2.585073e-02	-3.272660e-02	5.857734e-02
137.925       	-4.542226e-02	1.544647e+01	2.589139e-02	-3.247657e-02	5.836796e-02
137.95        	-4.566257e-02	1.544676e+01	2.588084e-02	-3.272216e-02	5.860299e-02
137.975       	-4.553276e-02	1.544668e+01	2.589807e-02	-3.258373e-02	5.848180e-02
138           	-4.575569e-02	1.544640e+01	2.594443e-02	-3.278347e-02	5.872790e-02
138.025       	-4.565242e-02	1.544669e+01	2.602663e-02	-3.263910e-02	5.866573e-02
138.05        	-4.577776e-02	1.544692e+01	2.590445e-02	-3.282554e-02	5.872999e-02
138.075       	-4.578245e-02	1.544629e+01	2.599766e-02	-3.278362e-02	5.878129e-02
138.1         	-4.577130e-02	1.544729e+01	2.590483e-02	-3.281888e-02	5.872371e-02
138.125       	-4.588637e-02	1.544623e+01	2.603710e-02	-3.286782e-02	5.890493e-02
138.15        	-4.585055e-02	1.544659e+01	2.602637e-02	-3.283736e-02	5.886373e-02
138.175       	-4.600000e-02	1.544652e+01	2.602328e-02	-3.298836e-02	5.901164e-02
138.2         	-4.595255e-02	1.544695e+01	2.610577e-02	-3.289966e-02	5.900543e-02
138.225       	-4.594934e-02	1.544669e+01	2.591451e-02	-3.299209e-02	5.890659e-02
138.25        	-4.618282e-02	1.544690e+01	2.623806e-02	-3.306379e-02	5.930185e-02
138.275       	-4.597420e-02	1.544660e+01	2.603145e-02	-3.295848e-02	5.898993e-02
138.3         	-4.621904e-02	1.544663e+01	2.603276e-02	-3.320266e-02	5.923542e-02
138.325       	-4.606749e-02	1.544700e+01	2.614036e-02	-3.299731e-02	5.913767e-02
138.35        	-4.627348e-02	1.544683e+01	2.609608e-02	-3.322544e-02	5.932152e-02
138.375       	-4.615095e-02	1.544678e+01	2.609580e-02	-3.310305e-02	5.919885e-02
138.4         	-4.632240e-02	1.544664e+01	2.612029e-02	-3.326226e-02	5.938255e-02
138.425       	-4.629356e-02	1.544648e+01	2.617518e-02	-3.320597e-02	5.938115e-02
138.45        	-4.642254e-02	1.544718e+01	2.625002e-02	-3.329753e-02	5.954755e-02
138.475       	-4.623253e-02	1.544659e+01	2.603553e-02	-3.321477e-02	5.925030e-02
138.5         	-4.662846e-02	1.544711e+01	2.634513e-02	-3.345590e-02	5.980103e-02
138.525       	-4.629159e-02	1.544677e+01	2.616642e-02	-3.320838e-02	5.937479e-02
138.55        	-4.658554e-02	1.544679e+01	2.616284e-02	-3.350412e-02	5.966696e-02
138.575       	-4.649850e-02	1.544674e+01	2.629403e-02	-3.335149e-02	5.964552e-02
138.6         	-4.658260e-02	1.544699e+01	2.621007e-02	-3.347756e-02	5.968763e-02
138.625       	-4.654835e-02	1.544687e+01	2.619294e-02	-3.345188e-02	5.964482e-02
138.65        	-4.669988e-02	1.544694e+01	2.630618e-02	-3.354679e-02	5.985297e-02
138.675       	-4.659953e-02	1.544697e+01	2.625229e-02	-3.347338e-02	5.972567e-02
138.7         	-4.673746e-02	1.544685e+01	2.624311e-02	-3.361590e-02	5.985901e-02
138.725       	-4.670950e-02	1.544674e+01	2.626901e-02	-3.357500e-02	5.984401e-02
138.75        	-4.682732e-02	1.544724e+01	2.638956e-02	-3.363254e-02	6.002210e-02
138.775       	-4.670035e-02	1.544666e+01	2.620236e-02	-3.359917e-02	5.980154e-02
138.8         	-4.700860e-02	1.544721e+01	2.645342e-02	-3.378189e-02	6.023532e-02
138.825       	-4.674662e-02	1.544694e+01	2.631218e-02	-3.359053e-02	5.990271e-02
138.85        	-4.699202e-02	1.544690e+01	2.630564e-02	-3.383920e-02	6.014484e-02
138.875       	-4.690761e-02	1.544701e+01	2.639743e-02	-3.370889e-02	6.010632e-02
138.9         	-4.700242e-02	1.544708e+01	2.635349e-02	-3.382568e-02	6.017917e-02
138.925       	-4.697414e-02	1.544698e+01	2.634952e-02	-3.379938e-02	6.014889e-02
138.95        	-4.714551e-02	1.544696e+01	2.645093e-02	-3.392004e-02	6.037097e-02
138.975       	-4.695827e-02	1.544704e+01	2.638969e-02	-3.376343e-02	6.015311e-02
139           	-4.720976e-02	1.544696e+01	2.637312e-02	-3.402319e-02	6.039632e-02
139.025       	-4.713246e-02	1.544704e+01	2.648920e-02	-3.388786e-02	6.037706e-02
139.05        	-4.715157e-02	1.544736e+01	2.642066e-02	-3.394124e-02	6.036191e-02
139.075       	-4.723116e-02	1.544720e+01	2.638542e-02	-3.403845e-02	6.042387e-02
139.1         	-4.723837e-02	1.544698e+01	2.643167e-02	-3.402254e-02	6.045421e-02
139.125       	-4.732909e-02	1.544701e+01	2.655423e-02	-3.405198e-02	6.060620e-02
139.15        	-4.723073e-02	1.544701e+01	2.645914e-02	-3.400117e-02	6.046030e-02
139.175       	-4.738145e-02	1.544735e+01	2.635170e-02	-3.420560e-02	6.055730e-02
139.2         	-4.731876e-02	1.544715e+01	2.654187e-02	-3.404782e-02	6.058969e-02
139.225       	-4.744263e-02	1.544728e+01	2.653679e-02	-3.417424e-02	6.071102e-02
139.25        	-4.743809e-02	1.544689e+01	2.652421e-02	-3.417598e-02	6.070019e-02
139.275       	-4.748512e-02	1.544715e+01	2.651690e-02	-3.422667e-02	6.074357e-02
139.3         	-4.746709e-02	1.544741e+01	2.651808e-02	-3.420805e-02	6.072613e-02
139.325       	-4.753410e-02	1.544750e+01	2.653012e-02	-3.426904e-02	6.079916e-02
139.35        	-4.756490e-02	1.544694e+01	2.655158e-02	-3.428912e-02	6.084069e-02
139.375       	-4.764218e-02	1.544712e+01	2.661772e-02	-3.433332e-02	6.095104e-02
139.4         	-4.753619e-02	1.544726e+01	2.655410e-02	-3.425914e-02	6.081324e-02
139.425       	-4.769623e-02	1.544722e+01	2.653837e-02	-3.442704e-02	6.096542e-02
139.45        	-4.768753e-02	1.544747e+01	2.662876e-02	-3.437315e-02	6.100191e-02
139.475       	-4.765580e-02	1.544744e+01	2.656468e-02	-3.437346e-02	6.093813e-02
139.5         	-4.780640e-02	1.544659e+01	2.661750e-02	-3.449765e-02	6.111516e-02
139.525       	-4.765602e-02	1.544819e+01	2.654814e-02	-3.438195e-02	6.093008e-02
139.55        	-4.792972e-02	1.544679e+01	2.666131e-02	-3.459907e-02	6.126037e-02
139.575       	-4.771546e-02	1.544731e+01	2.662383e-02	-3.440355e-02	6.102737e-02
139.6         	-4.798220e-02	1.544769e+01	2.668614e-02	-3.463913e-02	6.132527e-02
139.625       	-4.772324e-02	1.544735e+01	2.660780e-02	-3.441935e-02	6.102714e-02
139.65        	-4.802346e-02	1.544721e+01	2.661137e-02	-3.471778e-02	6.132914e-02
139.675       	-4.787449e-02	1.544754e+01	2.672547e-02	-3.451175e-02	6.123722e-02
139.7         	-4.802361e-02	1.544749e+01	2.665393e-02	-3.469665e-02	6.135058e-02
139.725       	-4.793135e-02	1.544744e+01	2.664487e-02	-3.460891e-02	6.125378e-02
139.75        	-4.805955e-02	1.544731e+01	2.665556e-02	-3.473177e-02	6.138733e-02
139.775       	-4.805627e-02	1.544741e+01	2.677562e-02	-3.466847e-02	6.144408e-02
139.8         	-4.807476e-02	1.544749e+01	2.669264e-02	-3.472844e-02	6.142108e-02
139.825       	-4.809290e-02	1.544736e+01	2.666264e-02	-3.476158e-02	6.142422e-02
139.85        	-4.815865e-02	1.544749e+01	2.675855e-02	-3.477937e-02	6.153792e-02
139.875       	-4.811420e-02	1.544769e+01	2.669315e-02	-3.476763e-02	6.146078e-02
139.9         	-4.821610e-02	1.544754e+01	2.668236e-02	-3.487492e-02	6.155728e-02
139.925       	-4.813476e-02	1.544748e+01	2.670361e-02	-3.478295e-02	6.148656e-02
139.95        	-4.834008e-02	1.544748e+01	2.684374e-02	-3.491822e-02	6.176195e-02
139.975       	-4.818318e-02	1.544763e+01	2.674802e-02	-3.480917e-02	6.155719e-02
140           	-4.833328e-02	1.544754e+01	2.670432e-02	-3.498113e-02	6.168544e-02
140.025       	-4.826950e-02	1.544741e+01	2.672734e-02	-3.490583e-02	6.163317e-02
140.05        	-4.841018e-02	1.544792e+01	2.684551e-02	-3.498743e-02	6.183294e-02
140.075       	-4.824141e-02	1.544734e+01	2.666997e-02	-3.490642e-02	6.157639e-02
140.1         	-4.856023e-02	1.544786e+01	2.690054e-02	-3.510995e-02	6.201050e-02
140.125       	-4.827694e-02	1.544760e+01	2.676633e-02	-3.489378e-02	6.166010e-02
140.15        	-4.853413e-02	1.544756e+01	2.675158e-02	-3.515835e-02	6.190992e-02
140.175       	-4.840718e-02	1.544777e+01	2.683368e-02	-3.499034e-02	6.182402e-02
140.2         	-4.852809e-02	1.544781e+01	2.678815e-02	-3.513401e-02	6.192217e-02
140.225       	-4.846176e-02	1.544773e+01	2.678685e-02	-3.506833e-02	6.185519e-02
140.25        	-4.857196e-02	1.544760e+01	2.680161e-02	-3.517116e-02	6.197277e-02
140.275       	-4.856560e-02	1.544768e+01	2.689974e-02	-3.511573e-02	6.201547e-02
140.3         	-4.858005e-02	1.544780e+01	2.682411e-02	-3.516800e-02	6.199210e-02
140.325       	-4.859306e-02	1.544769e+01	2.679344e-02	-3.519634e-02	6.198978e-02
140.35        	-4.865510e-02	1.544785e+01	2.686658e-02	-3.522181e-02	6.208839e-02
140.375       	-4.861978e-02	1.544788e+01	2.682861e-02	-3.520548e-02	6.203408e-02
140.4         	-4.868264e-02	1.544779e+01	2.682337e-02	-3.527096e-02	6.209433e-02
140.425       	-4.870071e-02	1.544757e+01	2.685065e-02	-3.527539e-02	6.212603e-02
140.45        	-4.875489e-02	1.544801e+01	2.694572e-02	-3.528203e-02	6.222775e-02
140.475       	-4.862412e-02	1.544777e+01	2.671615e-02	-3.526605e-02	6.198220e-02
140.5         	-4.894073e-02	1.544809e+01	2.703602e-02	-3.542272e-02	6.245873e-02
140.525       	-4.863456e-02	1.544778e+01	2.683886e-02	-3.521514e-02	6.205399e-02
140.55        	-4.890870e-02	1.544785e+01	2.683200e-02	-3.549271e-02	6.232470e-02
140.575       	-4.878776e-02	1.544800e+01	2.692807e-02	-3.532373e-02	6.225180e-02
140.6         	-4.888682e-02	1.544808e+01	2.687739e-02	-3.544812e-02	6.232551e-02
140.625       	-4.882905e-02	1.544795e+01	2.686844e-02	-3.539483e-02	6.226327e-02
140.65        	-4.892954e-02	1.544785e+01	2.688095e-02	-3.548907e-02	6.237002e-02
140.675       	-4.892785e-02	1.544792e+01	2.698565e-02	-3.543502e-02	6.242067e-02
140.7         	-4.893273e-02	1.544806e+01	2.690809e-02	-3.547868e-02	6.238677e-02
140.725       	-4.894480e-02	1.544795e+01	2.687470e-02	-3.550745e-02	6.238215e-02
140.75        	-4.900275e-02	1.544807e+01	2.693299e-02	-3.553625e-02	6.246924e-02
140.775       	-4.896287e-02	1.544816e+01	2.690449e-02	-3.551062e-02	6.241511e-02
140.8         	-4.903144e-02	1.544805e+01	2.690136e-02	-3.558076e-02	6.248212e-02
140.825       	-4.903247e-02	1.544790e+01	2.692178e-02	-3.557158e-02	6.249336e-02
140.85        	-4.908787e-02	1.544827e+01	2.699712e-02	-3.558931e-02	6.258643e-02
140.875       	-4.905033e-02	1.544818e+01	2.690250e-02	-3.559908e-02	6.250158e-02
140.9         	-4.915949e-02	1.544758e+01	2.698929e-02	-3.566485e-02	6.265414e-02
140.925       	-4.898185e-02	1.544883e+01	2.680612e-02	-3.557879e-02	6.238491e-02
140.95        	-4.931418e-02	1.544773e+01	2.705179e-02	-3.578828e-02	6.284007e-02
140.975       	-4.898184e-02	1.544812e+01	2.696679e-02	-3.549845e-02	6.246524e-02
141           	-4.926480e-02	1.544866e+01	2.677253e-02	-3.587854e-02	6.265106e-02
141.025       	-4.914713e-02	1.544783e+01	2.715953e-02	-3.556736e-02	6.272689e-02
141.05        	-4.925321e-02	1.544834e+01	2.690579e-02	-3.580032e-02	6.270611e-02
141.075       	-4.914548e-02	1.544825e+01	2.692780e-02	-3.568158e-02	6.260938e-02
141.1         	-4.932291e-02	1.544839e+01	2.701286e-02	-3.581648e-02	6.282935e-02
141.125       	-4.916703e-02	1.544834e+01	2.693216e-02	-3.570095e-02	6.263311e-02
141.15        	-4.943060e-02	1.544794e+01	2.705091e-02	-3.590514e-02	6.295606e-02
141.175       	-4.906350e-02	1.544866e+01	2.680311e-02	-3.566195e-02	6.246506e-02
141.2         	-4.952953e-02	1.544824e+01	2.700881e-02	-3.602512e-02	6.303394e-02
141.225       	-4.914249e-02	1.544839e+01	2.700469e-02	-3.564015e-02	6.264484e-02
141.25        	-4.949247e-02	1.544810e+01	2.702353e-02	-3.598070e-02	6.300424e-02
141.275       	-4.925710e-02	1.544854e+01	2.697359e-02	-3.577031e-02	6.274390e-02
141.3         	-4.938685e-02	1.544852e+01	2.694686e-02	-3.591342e-02	6.286028e-02
141.325       	-4.940884e-02	1.544831e+01	2.701974e-02	-3.589897e-02	6.291871e-02
141.35        	-4.938679e-02	1.544853e+01	2.698203e-02	-3.589578e-02	6.287781e-02
141.375       	-4.941070e-02	1.544843e+01	2.695492e-02	-3.593324e-02	6.288816e-02
141.4         	-4.945708e-02	1.544824e+01	2.697693e-02	-3.596862e-02	6.294554e-02
141.425       	-4.946326e-02	1.544861e+01	2.708718e-02	-3.591967e-02	6.300685e-02
141.45        	-4.934428e-02	1.544863e+01	2.679472e-02	-3.594692e-02	6.274163e-02
141.475       	-4.969709e-02	1.544865e+01	2.723505e-02	-3.607957e-02	6.331462e-02
141.5         	-4.921208e-02	1.544838e+01	2.678673e-02	-3.581871e-02	6.260545e-02
141.525       	-4.983873e-02	1.544845e+01	2.704903e-02	-3.631422e-02	6.336324e-02
141.55        	-4.917172e-02	1.544864e+01	2.701414e-02	-3.566465e-02	6.267879e-02
141.575       	-4.984680e-02	1.544874e+01	2.698773e-02	-3.635294e-02	6.334067e-02
141.6         	-4.930872e-02	1.544882e+01	2.699892e-02	-3.580926e-02	6.280818e-02
141.625       	-4.974358e-02	1.544841e+01	2.697976e-02	-3.625370e-02	6.323345e-02
141.65        	-4.942601e-02	1.544860e+01	2.704778e-02	-3.590211e-02	6.294990e-02
141.675       	-4.972083e-02	1.544884e+01	2.698394e-02	-3.622886e-02	6.321281e-02
141.7         	-4.950707e-02	1.544877e+01	2.697830e-02	-3.601792e-02	6.299622e-02
141.725       	-4.962459e-02	1.544878e+01	2.697088e-02	-3.613915e-02	6.311003e-02
141.75        	-4.969825e-02	1.544839e+01	2.709255e-02	-3.615198e-02	6.324453e-02
141.775       	-4.959188e-02	1.544876e+01	2.697271e-02	-3.610552e-02	6.307824e-02
141.8         	-4.964852e-02	1.544870e+01	2.692835e-02	-3.618435e-02	6.311270e-02
141.825       	-4.965196e-02	1.544894e+01	2.699374e-02	-3.615509e-02	6.314883e-02
141.85        	-4.970248e-02	1.544880e+01	2.703354e-02	-3.618571e-02	6.321925e-02
141.875       	-4.965688e-02	1.544890e+01	2.701857e-02	-3.614760e-02	6.316617e-02
141.9         	-4.972296e-02	1.544895e+01	2.698952e-02	-3.622820e-02	6.321772e-02
141.925       	-4.962836e-02	1.544900e+01	2.698433e-02	-3.613619e-02	6.312053e-02
141.95        	-4.978372e-02	1.544868e+01	2.698554e-02	-3.629095e-02	6.327649e-02
141.975       	-4.969694e-02	1.544883e+01	2.706599e-02	-3.616394e-02	6.322994e-02
142           	-4.977096e-02	1.544901e+01	2.698644e-02	-3.627774e-02	6.326418e-02
142.025       	-4.970211e-02	1.544902e+01	2.696486e-02	-3.621968e-02	6.318453e-02
142.05        	-4.981445e-02	1.544866e+01	2.697245e-02	-3.632822e-02	6.330068e-02
142.075       	-4.974727e-02	1.544926e+01	2.707674e-02	-3.620890e-02	6.328564e-02
142.1         	-4.971623e-02	1.544883e+01	2.686127e-02	-3.628560e-02	6.314686e-02
142.125       	-4.989544e-02	1.544929e+01	2.712930e-02	-3.633079e-02	6.346009e-02
142.15        	-4.971889e-02	1.544893e+01	2.695814e-02	-3.623982e-02	6.319796e-02
142.175       	-4.984015e-02	1.544901e+01	2.694649e-02	-3.636690e-02	6.331339e-02
142.2         	-4.980511e-02	1.544899e+01	2.702159e-02	-3.629432e-02	6.331590e-02
142.225       	-4.981477e-02	1.544932e+01	2.696251e-02	-3.633351e-02	6.329603e-02
142.25        	-4.980393e-02	1.544921e+01	2.694621e-02	-3.633083e-02	6.327704e-02
142.275       	-4.985632e-02	1.544903e+01	2.695908e-02	-3.637678e-02	6.333586e-02
142.3         	-4.986013e-02	1.544908e+01	2.705449e-02	-3.633289e-02	6.338738e-02
142.325       	-4.984390e-02	1.544926e+01	2.697140e-02	-3.635820e-02	6.332960e-02
142.35        	-4.984373e-02	1.544922e+01	2.694155e-02	-3.637295e-02	6.331450e-02
142.375       	-4.988881e-02	1.544895e+01	2.693808e-02	-3.641977e-02	6.335785e-02
142.4         	-4.987486e-02	1.544956e+01	2.704242e-02	-3.635365e-02	6.339607e-02
142.425       	-4.980434e-02	1.544907e+01	2.684054e-02	-3.638407e-02	6.322461e-02
142.45        	-5.001160e-02	1.544956e+01	2.709367e-02	-3.646476e-02	6.355843e-02
142.475       	-4.979467e-02	1.544923e+01	2.692997e-02	-3.632969e-02	6.325965e-02
142.5         	-4.995010e-02	1.544928e+01	2.691604e-02	-3.649208e-02	6.340812e-02
142.525       	-4.988817e-02	1.544935e+01	2.697687e-02	-3.639973e-02	6.337661e-02
142.55        	-4.991535e-02	1.544952e+01	2.693819e-02	-3.644625e-02	6.338444e-02
142.575       	-4.989068e-02	1.544941e+01	2.692013e-02	-3.643061e-02	6.335075e-02
142.6         	-4.994091e-02	1.544932e+01	2.692654e-02	-3.647764e-02	6.340418e-02
142.625       	-4.994228e-02	1.544941e+01	2.700522e-02	-3.643967e-02	6.344489e-02
142.65        	-4.991988e-02	1.544959e+01	2.693239e-02	-3.645368e-02	6.338607e-02
142.675       	-4.992089e-02	1.544950e+01	2.689950e-02	-3.647114e-02	6.337064e-02
142.7         	-4.994454e-02	1.544941e+01	2.689566e-02	-3.649672e-02	6.339237e-02
142.725       	-4.997035e-02	1.544947e+01	2.699211e-02	-3.647429e-02	6.346640e-02
142.75        	-4.993142e-02	1.544965e+01	2.691772e-02	-3.647256e-02	6.339028e-02
142.775       	-4.995306e-02	1.544955e+01	2.688257e-02	-3.651178e-02	6.339434e-02
142.8         	-4.995671e-02	1.544947e+01	2.688375e-02	-3.651483e-02	6.339858e-02
142.825       	-4.999406e-02	1.544973e+01	2.698044e-02	-3.650384e-02	6.348428e-02
142.85        	-4.993799e-02	1.544972e+01	2.686653e-02	-3.650472e-02	6.337125e-02
142.875       	-5.003911e-02	1.544925e+01	2.692618e-02	-3.657602e-02	6.350220e-02
142.9         	-4.983866e-02	1.545027e+01	2.679478e-02	-3.644127e-02	6.323605e-02
142.925       	-5.012528e-02	1.544933e+01	2.695246e-02	-3.664905e-02	6.360150e-02
142.95        	-4.985251e-02	1.544966e+01	2.691499e-02	-3.639502e-02	6.331001e-02
142.975       	-5.006197e-02	1.544977e+01	2.684788e-02	-3.663803e-02	6.348591e-02
143           	-4.989828e-02	1.544997e+01	2.685516e-02	-3.647071e-02	6.332586e-02
143.025       	-5.010532e-02	1.544966e+01	2.689593e-02	-3.665736e-02	6.355329e-02
143.05        	-4.992565e-02	1.544976e+01	2.692107e-02	-3.646511e-02	6.338618e-02
143.075       	-4.999861e-02	1.544992e+01	2.686255e-02	-3.656734e-02	6.342989e-02
143.1         	-4.997981e-02	1.544981e+01	2.683597e-02	-3.656183e-02	6.339780e-02
143.125       	-5.002021e-02	1.544991e+01	2.686679e-02	-3.658682e-02	6.345360e-02
143.15        	-4.995628e-02	1.545003e+01	2.684091e-02	-3.653583e-02	6.337674e-02
143.175       	-5.001629e-02	1.544993e+01	2.682380e-02	-3.660439e-02	6.342819e-02
143.2         	-4.997952e-02	1.544981e+01	2.682985e-02	-3.656460e-02	6.339445e-02
143.225       	-5.003990e-02	1.545002e+01	2.688922e-02	-3.659529e-02	6.348451e-02
143.25        	-4.996004e-02	1.545014e+01	2.682067e-02	-3.654970e-02	6.337037e-02
143.275       	-5.001363e-02	1.544947e+01	2.673223e-02	-3.664752e-02	6.337975e-02
143.3         	-4.999804e-02	1.545064e+01	2.695571e-02	-3.652018e-02	6.347590e-02
143.325       	-4.998392e-02	1.544985e+01	2.673692e-02	-3.661546e-02	6.335238e-02
143.35        	-4.995675e-02	1.545001e+01	2.675126e-02	-3.658111e-02	6.333238e-02
143.375       	-5.006843e-02	1.545017e+01	2.691121e-02	-3.661282e-02	6.352403e-02
143.4         	-4.988461e-02	1.545031e+01	2.669785e-02	-3.653568e-02	6.323353e-02
143.425       	-5.012788e-02	1.544983e+01	2.683111e-02	-3.671233e-02	6.354344e-02
143.45        	-4.977003e-02	1.545061e+01	2.661527e-02	-3.646240e-02	6.307767e-02
143.475       	-5.025049e-02	1.544990e+01	2.687593e-02	-3.681252e-02	6.368845e-02
143.5         	-4.978218e-02	1.545021e+01	2.680558e-02	-3.637939e-02	6.318497e-02
143.525       	-5.006174e-02	1.545022e+01	2.662285e-02	-3.675032e-02	6.337317e-02
143.55        	-4.991352e-02	1.545048e+01	2.680763e-02	-3.650970e-02	6.331734e-02
143.575       	-5.004879e-02	1.545042e+01	2.677991e-02	-3.665883e-02	6.343874e-02
143.6         	-4.993764e-02	1.544985e+01	2.672126e-02	-3.657701e-02	6.329827e-02
143.625       	-5.002605e-02	1.545076e+01	2.673260e-02	-3.665976e-02	6.339235e-02
143.65        	-4.987990e-02	1.545029e+01	2.667813e-02	-3.654083e-02	6.321896e-02
143.675       	-5.002987e-02	1.545030e+01	2.678479e-02	-3.663748e-02	6.342227e-02
143.7         	-4.993025e-02	1.545047e+01	2.669499e-02	-3.658275e-02	6.327774e-02
143.725       	-5.000247e-02	1.545036e+01	2.664865e-02	-3.667814e-02	6.332679e-02
143.75        	-4.987819e-02	1.545060e+01	2.672176e-02	-3.651731e-02	6.323908e-02
143.775       	-5.001407e-02	1.545061e+01	2.666107e-02	-3.668353e-02	6.334460e-02
143.8         	-4.986857e-02	1.545064e+01	2.664871e-02	-3.654421e-02	6.319293e-02
143.825       	-5.000093e-02	1.545035e+01	2.664316e-02	-3.667935e-02	6.332251e-02
143.85        	-4.990488e-02	1.545046e+01	2.672842e-02	-3.654067e-02	6.326909e-02
143.875       	-4.995820e-02	1.545066e+01	2.664156e-02	-3.663742e-02	6.327898e-02
143.9         	-4.988255e-02	1.545067e+01	2.660745e-02	-3.657882e-02	6.318628e-02
143.925       	-4.995454e-02	1.545057e+01	2.661807e-02	-3.664550e-02	6.326358e-02
143.95        	-4.986308e-02	1.545081e+01	2.660979e-02	-3.655819e-02	6.316798e-02
143.975       	-4.993552e-02	1.545063e+01	2.659619e-02	-3.663742e-02	6.323362e-02
144           	-4.988864e-02	1.545058e+01	2.665222e-02	-3.656253e-02	6.321475e-02
144.025       	-4.990850e-02	1.545079e+01	2.659207e-02	-3.661246e-02	6.320453e-02
144.05        	-4.987204e-02	1.545064e+01	2.653630e-02	-3.660389e-02	6.314019e-02
144.075       	-4.989203e-02	1.545115e+01	2.662016e-02	-3.658195e-02	6.320211e-02
144.1         	-4.978330e-02	1.545057e+01	2.637365e-02	-3.659648e-02	6.297013e-02
144.125       	-5.009298e-02	1.545085e+01	2.690560e-02	-3.664018e-02	6.354578e-02
144.15        	-4.956378e-02	1.545120e+01	2.618310e-02	-3.647223e-02	6.265533e-02
144.175       	-5.024292e-02	1.545076e+01	2.689255e-02	-3.679665e-02	6.368919e-02
144.2         	-4.925153e-02	1.545101e+01	2.616904e-02	-3.616701e-02	6.233605e-02
144.225       	-5.066269e-02	1.545062e+01	2.681306e-02	-3.725616e-02	6.406923e-02
144.25        	-4.891333e-02	1.545133e+01	2.624220e-02	-3.579223e-02	6.203443e-02
144.275       	-5.077780e-02	1.545082e+01	2.672332e-02	-3.741614e-02	6.413946e-02
144.3         	-4.866505e-02	1.545105e+01	2.641079e-02	-3.545965e-02	6.187044e-02
144.325       	-5.093801e-02	1.545092e+01	2.648889e-02	-3.769356e-02	6.418245e-02
144.35        	-4.868740e-02	1.545121e+01	2.644194e-02	-3.546643e-02	6.190837e-02
144.375       	-5.083400e-02	1.545112e+01	2.641962e-02	-3.762418e-02	6.404381e-02
144.4         	-4.882904e-02	1.545123e+01	2.649233e-02	-3.558288e-02	6.207521e-02
144.425       	-5.064766e-02	1.545125e+01	2.642005e-02	-3.743764e-02	6.385769e-02
144.45        	-4.897661e-02	1.545130e+01	2.643464e-02	-3.575929e-02	6.219393e-02
144.475       	-5.035610e-02	1.545107e+01	2.637764e-02	-3.716728e-02	6.354492e-02
144.5         	-4.921991e-02	1.545112e+01	2.644617e-02	-3.599682e-02	6.244299e-02
144.525       	-5.014482e-02	1.545130e+01	2.638721e-02	-3.695122e-02	6.333842e-02
144.55        	-4.940289e-02	1.545129e+01	2.638079e-02	-3.621249e-02	6.259328e-02
144.575       	-4.997111e-02	1.545138e+01	2.639095e-02	-3.677564e-02	6.316659e-02
144.6         	-4.947286e-02	1.545154e+01	2.636744e-02	-3.628914e-02	6.265658e-02
144.625       	-4.984504e-02	1.545135e+01	2.631589e-02	-3.668710e-02	6.300299e-02
144.65        	-4.955374e-02	1.545124e+01	2.633203e-02	-3.638773e-02	6.271976e-02
144.675       	-4.975300e-02	1.545132e+01	2.638487e-02	-3.656056e-02	6.294544e-02
144.7         	-4.955688e-02	1.545160e+01	2.630445e-02	-3.640466e-02	6.270911e-02
144.725       	-4.967500e-02	1.545153e+01	2.626439e-02	-3.654281e-02	6.280719e-02
144.75        	-4.958404e-02	1.545143e+01	2.628181e-02	-3.644313e-02	6.272494e-02
144.775       	-4.961576e-02	1.545164e+01	2.626740e-02	-3.648206e-02	6.274946e-02
144.8         	-4.956884e-02	1.545157e+01	2.625281e-02	-3.644244e-02	6.269524e-02
144.825       	-4.961208e-02	1.545148e+01	2.628495e-02	-3.646961e-02	6.275455e-02
144.85        	-4.953341e-02	1.545171e+01	2.624710e-02	-3.640986e-02	6.265696e-02
144.875       	-4.957845e-02	1.545157e+01	2.619600e-02	-3.648045e-02	6.267644e-02
144.9         	-4.951045e-02	1.545173e+01	2.622017e-02	-3.640037e-02	6.262053e-02
144.925       	-4.954514e-02	1.545190e+01	2.619154e-02	-3.644937e-02	6.264091e-02
144.95        	-4.947648e-02	1.545186e+01	2.617445e-02	-3.638926e-02	6.256370e-02
144.975       	-4.951332e-02	1.545163e+01	2.616548e-02	-3.643058e-02	6.259607e-02
145           	-4.947252e-02	1.545159e+01	2.619801e-02	-3.637351e-02	6.257152e-02
145.025       	-4.946710e-02	1.545183e+01	2.615135e-02	-3.639142e-02	6.254277e-02
145.05        	-4.944946e-02	1.545172e+01	2.609647e-02	-3.640123e-02	6.249770e-02
145.075       	-4.943112e-02	1.545218e+01	2.616288e-02	-3.634968e-02	6.251256e-02
145.1         	-4.934691e-02	1.545184e+01	2.596846e-02	-3.636268e-02	6.233114e-02
145.125       	-4.955046e-02	1.545201e+01	2.631300e-02	-3.639396e-02	6.270696e-02
145.15        	-4.922772e-02	1.545177e+01	2.597177e-02	-3.624184e-02	6.221361e-02
145.175       	-4.952516e-02	1.545216e+01	2.609613e-02	-3.647709e-02	6.257322e-02
145.2         	-4.918801e-02	1.545212e+01	2.601260e-02	-3.618171e-02	6.219431e-02
145.225       	-4.945284e-02	1.545193e+01	2.601758e-02	-3.644405e-02	6.246163e-02
145.25        	-4.923787e-02	1.545200e+01	2.607560e-02	-3.620007e-02	6.227567e-02
145.275       	-4.937278e-02	1.545222e+01	2.600599e-02	-3.636979e-02	6.237578e-02
145.3         	-4.920887e-02	1.545226e+01	2.597591e-02	-3.622091e-02	6.219682e-02
145.325       	-4.935397e-02	1.545179e+01	2.595720e-02	-3.637537e-02	6.233257e-02
145.35        	-4.919739e-02	1.545246e+01	2.605740e-02	-3.616869e-02	6.222609e-02
145.375       	-4.917953e-02	1.545213e+01	2.578673e-02	-3.628617e-02	6.207290e-02
145.4         	-4.931127e-02	1.545251e+01	2.612972e-02	-3.624641e-02	6.237612e-02
145.425       	-4.912853e-02	1.545210e+01	2.584357e-02	-3.620675e-02	6.205032e-02
145.45        	-4.918378e-02	1.545231e+01	2.585737e-02	-3.625509e-02	6.211246e-02
145.475       	-4.920377e-02	1.545236e+01	2.597914e-02	-3.621421e-02	6.219334e-02
145.5         	-4.899360e-02	1.545264e+01	2.565809e-02	-3.616456e-02	6.182265e-02
145.525       	-4.935817e-02	1.545206e+01	2.604039e-02	-3.633797e-02	6.237836e-02
145.55        	-4.887103e-02	1.545265e+01	2.576636e-02	-3.598785e-02	6.175421e-02
145.575       	-4.926382e-02	1.545236e+01	2.584036e-02	-3.634364e-02	6.218400e-02
145.6         	-4.886834e-02	1.545242e+01	2.587985e-02	-3.592842e-02	6.180826e-02
145.625       	-4.921111e-02	1.545263e+01	2.581115e-02	-3.630554e-02	6.211669e-02
145.65        	-4.886495e-02	1.545253e+01	2.575838e-02	-3.598576e-02	6.174414e-02
145.675       	-4.912416e-02	1.545263e+01	2.575533e-02	-3.624650e-02	6.200183e-02
145.7         	-4.890563e-02	1.545271e+01	2.574683e-02	-3.603221e-02	6.177905e-02
145.725       	-4.894783e-02	1.545284e+01	2.572413e-02	-3.608577e-02	6.180990e-02
145.75        	-4.896121e-02	1.545243e+01	2.571902e-02	-3.610170e-02	6.182072e-02
145.775       	-4.891012e-02	1.545253e+01	2.574530e-02	-3.603747e-02	6.178277e-02
145.8         	-4.889831e-02	1.545274e+01	2.568516e-02	-3.605573e-02	6.174089e-02
145.825       	-4.888970e-02	1.545284e+01	2.563368e-02	-3.607286e-02	6.170653e-02
145.85        	-4.877334e-02	1.545300e+01	2.563604e-02	-3.595532e-02	6.159136e-02
145.875       	-4.889926e-02	1.545275e+01	2.564750e-02	-3.607551e-02	6.172301e-02
145.9         	-4.875959e-02	1.545275e+01	2.566858e-02	-3.592530e-02	6.159388e-02
145.925       	-4.882030e-02	1.545296e+01	2.562028e-02	-3.601016e-02	6.163043e-02
145.95        	-4.872402e-02	1.545288e+01	2.556167e-02	-3.594319e-02	6.150486e-02
145.975       	-4.875388e-02	1.545294e+01	2.554591e-02	-3.598092e-02	6.152683e-02
146           	-4.868179e-02	1.545309e+01	2.554425e-02	-3.590967e-02	6.145392e-02
146.025       	-4.870264e-02	1.545301e+01	2.552833e-02	-3.593847e-02	6.146680e-02
146.05        	-4.866954e-02	1.545292e+01	2.555329e-02	-3.589290e-02	6.144619e-02
146.075       	-4.863337e-02	1.545314e+01	2.551116e-02	-3.587779e-02	6.138895e-02
146.1         	-4.861470e-02	1.545303e+01	2.545449e-02	-3.588745e-02	6.134194e-02
146.125       	-4.858168e-02	1.545319e+01	2.545372e-02	-3.585482e-02	6.130854e-02
146.15        	-4.857002e-02	1.545335e+01	2.543812e-02	-3.585096e-02	6.128908e-02
146.175       	-4.853216e-02	1.545331e+01	2.542135e-02	-3.582149e-02	6.124283e-02
146.2         	-4.851699e-02	1.545308e+01	2.540420e-02	-3.581489e-02	6.121909e-02
146.225       	-4.849135e-02	1.545301e+01	2.541503e-02	-3.578383e-02	6.119886e-02
146.25        	-4.846433e-02	1.545332e+01	2.537519e-02	-3.577674e-02	6.115192e-02
146.275       	-4.845067e-02	1.545323e+01	2.532410e-02	-3.578862e-02	6.111272e-02
146.3         	-4.839896e-02	1.545364e+01	2.536476e-02	-3.571658e-02	6.108134e-02
146.325       	-4.835292e-02	1.545346e+01	2.518404e-02	-3.576090e-02	6.094493e-02
146.35        	-4.847698e-02	1.545278e+01	2.552481e-02	-3.571457e-02	6.123938e-02
146.375       	-4.814889e-02	1.545419e+01	2.500834e-02	-3.564472e-02	6.065306e-02
146.4         	-4.859390e-02	1.545318e+01	2.556056e-02	-3.581362e-02	6.137418e-02
146.425       	-4.782647e-02	1.545381e+01	2.495916e-02	-3.534688e-02	6.030605e-02
146.45        	-4.890164e-02	1.545301e+01	2.541691e-02	-3.619318e-02	6.161009e-02
146.475       	-4.751966e-02	1.545408e+01	2.501415e-02	-3.501258e-02	6.002673e-02
146.5         	-4.894623e-02	1.545331e+01	2.535201e-02	-3.627022e-02	6.162223e-02
146.525       	-4.724998e-02	1.545373e+01	2.512413e-02	-3.468792e-02	5.981205e-02
146.55        	-4.905936e-02	1.545363e+01	2.512245e-02	-3.649814e-02	6.162058e-02
146.575       	-4.741131e-02	1.545386e+01	2.511383e-02	-3.485440e-02	5.996823e-02
146.6         	-4.855280e-02	1.545363e+01	2.506921e-02	-3.601819e-02	6.108740e-02
146.625       	-4.765415e-02	1.545378e+01	2.513031e-02	-3.508900e-02	6.021931e-02
146.65        	-4.835730e-02	1.545390e+01	2.505835e-02	-3.582812e-02	6.088647e-02
146.675       	-4.772493e-02	1.545397e+01	2.504210e-02	-3.520388e-02	6.024598e-02
146.7         	-4.820400e-02	1.545349e+01	2.499037e-02	-3.570881e-02	6.069918e-02
146.725       	-4.770939e-02	1.545406e+01	2.504442e-02	-3.518718e-02	6.023160e-02
146.75        	-4.811693e-02	1.545414e+01	2.494515e-02	-3.564436e-02	6.058951e-02
146.775       	-4.771942e-02	1.545367e+01	2.497628e-02	-3.523128e-02	6.020756e-02
146.8         	-4.795707e-02	1.545448e+01	2.491608e-02	-3.549903e-02	6.041511e-02
146.825       	-4.763939e-02	1.545381e+01	2.491339e-02	-3.518269e-02	6.009608e-02
146.85        	-4.787930e-02	1.545401e+01	2.489663e-02	-3.543099e-02	6.032762e-02
146.875       	-4.775419e-02	1.545374e+01	2.492836e-02	-3.529001e-02	6.021837e-02
146.9         	-4.774191e-02	1.545443e+01	2.481650e-02	-3.533366e-02	6.015016e-02
146.925       	-4.755600e-02	1.545426e+01	2.484545e-02	-3.513328e-02	5.997873e-02
146.95        	-4.780148e-02	1.545426e+01	2.478746e-02	-3.540775e-02	6.019520e-02
146.975       	-4.754503e-02	1.545399e+01	2.480290e-02	-3.514358e-02	5.994648e-02
147           	-4.762110e-02	1.545443e+01	2.477471e-02	-3.523375e-02	6.000846e-02
147.025       	-4.753007e-02	1.545447e+01	2.473395e-02	-3.516310e-02	5.989705e-02
147.05        	-4.752834e-02	1.545457e+01	2.472269e-02	-3.516700e-02	5.988969e-02
147.075       	-4.750298e-02	1.545400e+01	2.469635e-02	-3.515480e-02	5.985116e-02
147.1         	-4.744847e-02	1.545440e+01	2.470324e-02	-3.509686e-02	5.980009e-02
147.125       	-4.742904e-02	1.545449e+01	2.465743e-02	-3.510032e-02	5.975775e-02
147.15        	-4.738276e-02	1.545457e+01	2.462709e-02	-3.506922e-02	5.969631e-02
147.175       	-4.737063e-02	1.545438e+01	2.460909e-02	-3.506608e-02	5.967518e-02
147.2         	-4.730633e-02	1.545469e+01	2.459498e-02	-3.500884e-02	5.960382e-02
147.225       	-4.728927e-02	1.545461e+01	2.456184e-02	-3.500835e-02	5.957019e-02
147.25        	-4.729837e-02	1.545437e+01	2.456345e-02	-3.501665e-02	5.958010e-02
147.275       	-4.714720e-02	1.545467e+01	2.453098e-02	-3.488171e-02	5.941269e-02
147.3         	-4.724002e-02	1.545463e+01	2.440401e-02	-3.503801e-02	5.944202e-02
147.325       	-4.706706e-02	1.545489e+01	2.447533e-02	-3.482939e-02	5.930473e-02
147.35        	-4.718844e-02	1.545475e+01	2.449787e-02	-3.493951e-02	5.943738e-02
147.375       	-4.702683e-02	1.545477e+01	2.445918e-02	-3.479724e-02	5.925642e-02
147.4         	-4.708676e-02	1.545493e+01	2.442115e-02	-3.487619e-02	5.929733e-02
147.425       	-4.696577e-02	1.545496e+01	2.437957e-02	-3.477599e-02	5.915555e-02
147.45        	-4.700023e-02	1.545470e+01	2.433699e-02	-3.483174e-02	5.916873e-02
147.475       	-4.689667e-02	1.545487e+01	2.434796e-02	-3.472269e-02	5.907065e-02
147.5         	-4.692169e-02	1.545506e+01	2.431221e-02	-3.476558e-02	5.907779e-02
147.525       	-4.682294e-02	1.545511e+01	2.428224e-02	-3.468182e-02	5.896406e-02
147.55        	-4.686413e-02	1.545470e+01	2.424878e-02	-3.473973e-02	5.898852e-02
147.575       	-4.674920e-02	1.545524e+01	2.425715e-02	-3.462063e-02	5.887778e-02
147.6         	-4.675531e-02	1.545520e+01	2.420467e-02	-3.465298e-02	5.885765e-02
147.625       	-4.668386e-02	1.545534e+01	2.418920e-02	-3.458926e-02	5.877846e-02
147.65        	-4.669097e-02	1.545484e+01	2.415441e-02	-3.461377e-02	5.876818e-02
147.675       	-4.665466e-02	1.545515e+01	2.417730e-02	-3.456601e-02	5.874331e-02
147.7         	-4.651442e-02	1.545525e+01	2.411187e-02	-3.445848e-02	5.857035e-02
147.725       	-4.660806e-02	1.545525e+01	2.407368e-02	-3.457122e-02	5.864490e-02
147.75        	-4.646845e-02	1.545542e+01	2.406569e-02	-3.443560e-02	5.850130e-02
147.775       	-4.654661e-02	1.545540e+01	2.405222e-02	-3.452050e-02	5.857272e-02
147.8         	-4.633532e-02	1.545518e+01	2.400227e-02	-3.433419e-02	5.833646e-02
147.825       	-4.647997e-02	1.545547e+01	2.399528e-02	-3.448233e-02	5.847761e-02
147.85        	-4.629201e-02	1.545543e+01	2.397548e-02	-3.430426e-02	5.827975e-02
147.875       	-4.637380e-02	1.545566e+01	2.395063e-02	-3.439849e-02	5.834912e-02
147.9         	-4.621546e-02	1.545546e+01	2.387523e-02	-3.427785e-02	5.815308e-02
147.925       	-4.628166e-02	1.545555e+01	2.400945e-02	-3.427694e-02	5.828639e-02
147.95        	-4.619830e-02	1.545558e+01	2.383729e-02	-3.427966e-02	5.811695e-02
147.975       	-4.613730e-02	1.545561e+01	2.375198e-02	-3.426131e-02	5.801329e-02
148           	-4.611177e-02	1.545571e+01	2.380083e-02	-3.421136e-02	5.801219e-02
148.025       	-4.610924e-02	1.545573e+01	2.390235e-02	-3.415806e-02	5.806041e-02
148.05        	-4.595901e-02	1.545576e+01	2.376070e-02	-3.407866e-02	5.783936e-02
148.075       	-4.603165e-02	1.545554e+01	2.365835e-02	-3.420248e-02	5.786083e-02
148.1         	-4.590273e-02	1.545614e+01	2.376436e-02	-3.402055e-02	5.778491e-02
148.125       	-4.592124e-02	1.545589e+01	2.364066e-02	-3.410091e-02	5.774157e-02
148.15        	-4.581076e-02	1.545607e+01	2.363462e-02	-3.399345e-02	5.762807e-02
148.175       	-4.584187e-02	1.545570e+01	2.361789e-02	-3.403293e-02	5.765082e-02
148.2         	-4.574164e-02	1.545569e+01	2.364336e-02	-3.391996e-02	5.756332e-02
148.225       	-4.576395e-02	1.545597e+01	2.358426e-02	-3.397182e-02	5.755608e-02
148.25        	-4.561092e-02	1.545616e+01	2.339552e-02	-3.391316e-02	5.730868e-02
148.275       	-4.572622e-02	1.545620e+01	2.362195e-02	-3.391524e-02	5.753719e-02
148.3         	-4.555044e-02	1.545633e+01	2.356849e-02	-3.376620e-02	5.733469e-02
148.325       	-4.556278e-02	1.545537e+01	2.335128e-02	-3.388714e-02	5.723842e-02
148.35        	-4.552580e-02	1.545697e+01	2.357539e-02	-3.373810e-02	5.731350e-02
148.375       	-4.538165e-02	1.545573e+01	2.325092e-02	-3.375619e-02	5.700711e-02
148.4         	-4.553237e-02	1.545664e+01	2.348306e-02	-3.379084e-02	5.727391e-02
148.425       	-4.521099e-02	1.545570e+01	2.330342e-02	-3.355928e-02	5.686270e-02
148.45        	-4.545990e-02	1.545701e+01	2.339356e-02	-3.376312e-02	5.715668e-02
148.475       	-4.517965e-02	1.545604e+01	2.324534e-02	-3.355698e-02	5.680232e-02
148.5         	-4.527796e-02	1.545646e+01	2.324951e-02	-3.365320e-02	5.690271e-02
148.525       	-4.516488e-02	1.545623e+01	2.324068e-02	-3.354454e-02	5.678522e-02
148.55        	-4.517339e-02	1.545669e+01	2.327291e-02	-3.353694e-02	5.680985e-02
148.575       	-4.507623e-02	1.545657e+01	2.316802e-02	-3.349222e-02	5.666024e-02
148.6         	-4.504312e-02	1.545675e+01	2.314260e-02	-3.347182e-02	5.661441e-02
148.625       	-4.499729e-02	1.545629e+01	2.311383e-02	-3.344037e-02	5.655420e-02
148.65        	-4.499472e-02	1.545652e+01	2.314126e-02	-3.342409e-02	5.656535e-02
148.675       	-4.481413e-02	1.545664e+01	2.306965e-02	-3.327931e-02	5.634895e-02
148.7         	-4.488655e-02	1.545671e+01	2.294457e-02	-3.341427e-02	5.635884e-02
148.725       	-4.477153e-02	1.545689e+01	2.301396e-02	-3.326455e-02	5.627851e-02
148.75        	-4.482157e-02	1.545655e+01	2.304276e-02	-3.330020e-02	5.634295e-02
148.775       	-4.463377e-02	1.545702e+01	2.291034e-02	-3.317860e-02	5.608894e-02
148.8         	-4.473737e-02	1.545695e+01	2.294338e-02	-3.326568e-02	5.620906e-02
148.825       	-4.455835e-02	1.545704e+01	2.292214e-02	-3.309728e-02	5.601942e-02
148.85        	-4.465945e-02	1.545653e+01	2.286806e-02	-3.322542e-02	5.609348e-02
148.875       	-4.440690e-02	1.545707e+01	2.281012e-02	-3.300184e-02	5.581196e-02
148.9         	-4.447154e-02	1.545710e+01	2.279301e-02	-3.307504e-02	5.586805e-02
148.925       	-4.440201e-02	1.545707e+01	2.278475e-02	-3.300963e-02	5.579439e-02
148.95        	-4.437991e-02	1.545680e+01	2.276162e-02	-3.299910e-02	5.576072e-02
148.975       	-4.429623e-02	1.545715e+01	2.273433e-02	-3.292907e-02	5.566340e-02
149           	-4.427670e-02	1.545710e+01	2.266136e-02	-3.294602e-02	5.560738e-02
149.025       	-4.417266e-02	1.545740e+01	2.263634e-02	-3.285449e-02	5.549083e-02
149.05        	-4.425970e-02	1.545717e+01	2.268389e-02	-3.291775e-02	5.560165e-02
149.075       	-4.396140e-02	1.545733e+01	2.246282e-02	-3.272999e-02	5.519281e-02
149.1         	-4.416725e-02	1.545723e+01	2.258136e-02	-3.287657e-02	5.545793e-02
149.125       	-4.398947e-02	1.545732e+01	2.264622e-02	-3.266636e-02	5.531258e-02
149.15        	-4.392615e-02	1.545743e+01	2.251080e-02	-3.267075e-02	5.518155e-02
149.175       	-4.385057e-02	1.545745e+01	2.231572e-02	-3.269271e-02	5.500843e-02
149.2         	-4.392157e-02	1.545738e+01	2.249434e-02	-3.267440e-02	5.516874e-02
149.225       	-4.377721e-02	1.545751e+01	2.245006e-02	-3.255218e-02	5.500224e-02
149.25        	-4.370863e-02	1.545761e+01	2.239673e-02	-3.251027e-02	5.490699e-02
149.275       	-4.372761e-02	1.545735e+01	2.229908e-02	-3.257807e-02	5.487715e-02
149.3         	-4.360368e-02	1.545794e+01	2.233866e-02	-3.243435e-02	5.477300e-02
149.325       	-4.355181e-02	1.545740e+01	2.214596e-02	-3.247883e-02	5.462479e-02
149.35        	-4.357041e-02	1.545798e+01	2.246202e-02	-3.233940e-02	5.480142e-02
149.375       	-4.345521e-02	1.545743e+01	2.206085e-02	-3.242478e-02	5.448563e-02
149.4         	-4.345459e-02	1.545805e+01	2.230496e-02	-3.230211e-02	5.460707e-02
149.425       	-4.332087e-02	1.545772e+01	2.211614e-02	-3.226280e-02	5.437894e-02
149.45        	-4.332131e-02	1.545777e+01	2.206359e-02	-3.228951e-02	5.435310e-02
149.475       	-4.319606e-02	1.545794e+01	2.205870e-02	-3.216671e-02	5.422541e-02
149.5         	-4.327327e-02	1.545778e+01	2.209507e-02	-3.222573e-02	5.432080e-02
149.525       	-4.307148e-02	1.545822e+01	2.200785e-02	-3.206755e-02	5.407541e-02
149.55        	-4.316488e-02	1.545809e+01	2.200535e-02	-3.216221e-02	5.416756e-02
149.575       	-4.296672e-02	1.545825e+01	2.197683e-02	-3.197831e-02	5.395514e-02
149.6         	-4.302990e-02	1.545774e+01	2.190986e-02	-3.207496e-02	5.398483e-02
149.625       	-4.290143e-02	1.545805e+01	2.189891e-02	-3.195198e-02	5.385089e-02
149.65        	-4.281510e-02	1.545814e+01	2.185324e-02	-3.188848e-02	5.374172e-02
149.675       	-4.283648e-02	1.545822e+01	2.180972e-02	-3.193162e-02	5.374134e-02
149.7         	-4.272665e-02	1.545845e+01	2.180209e-02	-3.182561e-02	5.362770e-02
149.725       	-4.270580e-02	1.545822e+01	2.175516e-02	-3.182823e-02	5.358338e-02
149.75        	-4.260539e-02	1.545817e+01	2.171888e-02	-3.174595e-02	5.346483e-02
149.775       	-4.260153e-02	1.545844e+01	2.169984e-02	-3.175161e-02	5.345145e-02
149.8         	-4.250005e-02	1.545849e+01	2.166237e-02	-3.166887e-02	5.333124e-02
149.825       	-4.247079e-02	1.545832e+01	2.160392e-02	-3.166883e-02	5.327275e-02
149.85        	-4.238246e-02	1.545861e+01	2.159976e-02	-3.158258e-02	5.318234e-02
149.875       	-4.235122e-02	1.545851e+01	2.155570e-02	-3.157337e-02	5.312907e-02
149.9         	-4.226015e-02	1.545841e+01	2.151188e-02	-3.150421e-02	5.301609e-02
149.925       	-4.225468e-02	1.545867e+01	2.150189e-02	-3.150373e-02	5.300563e-02
149.95        	-4.214860e-02	1.545865e+01	2.145515e-02	-3.142102e-02	5.287617e-02
149.975       	-4.210146e-02	1.545872e+01	2.139153e-02	-3.140570e-02	5.279723e-02
150           	-4.211713e-02	1.545883e+01	2.149174e-02	-3.137125e-02	5.286300e-02
