# Force coefficients
# liftDir     : (0.000000e+00 1.000000e+00 0.000000e+00)
# dragDir     : (1.000000e+00 0.000000e+00 0.000000e+00)
# pitchAxis   : (0.000000e+00 0.000000e+00 1.000000e+00)
# magUInf     : 1.000000e+00
# lRef        : 1.000000e+00
# Aref        : 2.000000e+00
# CofR        : (0.000000e+00 0.000000e+00 0.000000e+00)
#
# Time        	Cm            	Cd            	Cl            	Cl(f)         	Cl(r)         
21.025        	-1.070677e-02	2.119743e+01	3.040498e-03	-9.186516e-03	1.222701e-02
21.05         	-1.067715e-02	2.119589e+01	3.366539e-03	-8.993877e-03	1.236042e-02
21.075        	-1.086107e-02	2.119393e+01	2.980843e-03	-9.370647e-03	1.235149e-02
21.1          	-1.075317e-02	2.119199e+01	3.397848e-03	-9.054246e-03	1.245209e-02
21.125        	-1.033146e-02	2.119035e+01	2.890070e-03	-8.886430e-03	1.177650e-02
21.15         	-1.076173e-02	2.118909e+01	3.411335e-03	-9.056064e-03	1.246740e-02
21.175        	-1.052238e-02	2.118715e+01	2.946073e-03	-9.049347e-03	1.199542e-02
21.2          	-1.061925e-02	2.118546e+01	3.289470e-03	-8.974514e-03	1.226398e-02
21.225        	-1.075952e-02	2.118342e+01	3.028851e-03	-9.245091e-03	1.227394e-02
21.25         	-1.073052e-02	2.118116e+01	3.234571e-03	-9.113237e-03	1.234781e-02
21.275        	-1.066308e-02	2.117953e+01	3.128213e-03	-9.098977e-03	1.222719e-02
21.3          	-1.068353e-02	2.117729e+01	3.171308e-03	-9.097881e-03	1.226919e-02
21.325        	-1.073146e-02	2.117451e+01	3.112482e-03	-9.175217e-03	1.228770e-02
21.35         	-1.078627e-02	2.117165e+01	3.176514e-03	-9.198011e-03	1.237453e-02
21.375        	-1.086591e-02	2.116910e+01	3.130139e-03	-9.300842e-03	1.243098e-02
21.4          	-1.089978e-02	2.116615e+01	3.167162e-03	-9.316196e-03	1.248336e-02
21.425        	-1.071333e-02	2.116340e+01	3.093007e-03	-9.166827e-03	1.225983e-02
21.45         	-1.064938e-02	2.116005e+01	3.146492e-03	-9.076131e-03	1.222262e-02
21.475        	-1.094662e-02	2.115710e+01	3.189363e-03	-9.351941e-03	1.254130e-02
21.5          	-1.089482e-02	2.115406e+01	3.187281e-03	-9.301178e-03	1.248846e-02
21.525        	-1.075172e-02	2.115083e+01	3.128496e-03	-9.187470e-03	1.231597e-02
21.55         	-1.083906e-02	2.114754e+01	3.218182e-03	-9.229973e-03	1.244816e-02
21.575        	-1.093666e-02	2.114385e+01	3.132846e-03	-9.370239e-03	1.250308e-02
21.6          	-1.065073e-02	2.114013e+01	3.081836e-03	-9.109809e-03	1.219165e-02
21.625        	-1.103263e-02	2.113675e+01	3.193587e-03	-9.435833e-03	1.262942e-02
21.65         	-1.078727e-02	2.113243e+01	3.098860e-03	-9.237838e-03	1.233670e-02
21.675        	-1.065190e-02	2.112875e+01	3.105525e-03	-9.099136e-03	1.220466e-02
21.7          	-1.104463e-02	2.112456e+01	3.176589e-03	-9.456334e-03	1.263292e-02
21.725        	-1.089078e-02	2.112009e+01	3.127950e-03	-9.326805e-03	1.245476e-02
21.75         	-1.094383e-02	2.111585e+01	3.155103e-03	-9.366280e-03	1.252138e-02
21.775        	-1.096530e-02	2.111138e+01	3.105329e-03	-9.412632e-03	1.251796e-02
21.8          	-1.083305e-02	2.110706e+01	3.171235e-03	-9.247428e-03	1.241866e-02
21.825        	-1.093747e-02	2.110235e+01	3.097672e-03	-9.388634e-03	1.248631e-02
21.85         	-1.087777e-02	2.109765e+01	3.162098e-03	-9.296722e-03	1.245882e-02
21.875        	-1.109287e-02	2.109264e+01	3.133691e-03	-9.526020e-03	1.265971e-02
21.9          	-1.090848e-02	2.108783e+01	3.165707e-03	-9.325627e-03	1.249133e-02
21.925        	-1.095947e-02	2.108265e+01	3.120476e-03	-9.399235e-03	1.251971e-02
21.95         	-1.080455e-02	2.107774e+01	3.087595e-03	-9.260749e-03	1.234834e-02
21.975        	-1.113188e-02	2.107238e+01	3.230628e-03	-9.516562e-03	1.274719e-02
22            	-1.084934e-02	2.106729e+01	3.083066e-03	-9.307810e-03	1.239088e-02
22.025        	-1.105528e-02	2.106204e+01	3.215528e-03	-9.447517e-03	1.266304e-02
22.05         	-1.075538e-02	2.105688e+01	3.115169e-03	-9.197797e-03	1.231297e-02
22.075        	-1.079188e-02	2.105186e+01	3.208152e-03	-9.187804e-03	1.239596e-02
22.1          	-1.118897e-02	2.104524e+01	3.131393e-03	-9.623277e-03	1.275467e-02
22.125        	-1.101322e-02	2.103979e+01	3.175302e-03	-9.425567e-03	1.260087e-02
22.15         	-1.114715e-02	2.103410e+01	3.218099e-03	-9.538096e-03	1.275620e-02
22.175        	-1.084875e-02	2.102820e+01	3.070737e-03	-9.313382e-03	1.238412e-02
22.2          	-1.101169e-02	2.102238e+01	3.221073e-03	-9.401155e-03	1.262223e-02
22.225        	-1.082689e-02	2.101616e+01	3.072912e-03	-9.290433e-03	1.236334e-02
22.25         	-1.087589e-02	2.101037e+01	3.222806e-03	-9.264484e-03	1.248729e-02
22.275        	-1.109144e-02	2.100357e+01	3.130841e-03	-9.526015e-03	1.265686e-02
22.3          	-1.081206e-02	2.099748e+01	3.162884e-03	-9.230614e-03	1.239350e-02
22.325        	-1.092009e-02	2.099109e+01	3.122011e-03	-9.359084e-03	1.248110e-02
22.35         	-1.081047e-02	2.098445e+01	3.204347e-03	-9.208296e-03	1.241264e-02
22.375        	-1.092575e-02	2.097768e+01	3.110224e-03	-9.370636e-03	1.248086e-02
22.4          	-1.092606e-02	2.097093e+01	3.209410e-03	-9.321358e-03	1.253077e-02
22.425        	-1.083141e-02	2.096429e+01	3.112073e-03	-9.275377e-03	1.238745e-02
22.45         	-1.085749e-02	2.095759e+01	3.179466e-03	-9.267761e-03	1.244723e-02
22.475        	-1.072039e-02	2.095034e+01	3.042476e-03	-9.199147e-03	1.224162e-02
22.5          	-1.104775e-02	2.094360e+01	3.361642e-03	-9.366929e-03	1.272857e-02
22.525        	-1.073646e-02	2.093662e+01	3.035720e-03	-9.218605e-03	1.225432e-02
22.55         	-1.086241e-02	2.092979e+01	3.312455e-03	-9.206180e-03	1.251864e-02
22.575        	-1.083940e-02	2.092291e+01	3.079693e-03	-9.299555e-03	1.237925e-02
22.6          	-1.101822e-02	2.091519e+01	3.367873e-03	-9.334288e-03	1.270216e-02
22.625        	-1.065245e-02	2.090819e+01	3.005780e-03	-9.149561e-03	1.215534e-02
22.65         	-1.087043e-02	2.090089e+01	3.376913e-03	-9.181970e-03	1.255888e-02
22.675        	-1.051870e-02	2.089349e+01	2.967223e-03	-9.035089e-03	1.200231e-02
22.7          	-1.079182e-02	2.088605e+01	3.316183e-03	-9.133727e-03	1.244991e-02
22.725        	-1.077311e-02	2.087822e+01	3.089996e-03	-9.228114e-03	1.231811e-02
22.75         	-1.063416e-02	2.087108e+01	3.258463e-03	-9.004926e-03	1.226339e-02
22.775        	-1.074673e-02	2.086281e+01	3.135165e-03	-9.179152e-03	1.231432e-02
22.8          	-1.066516e-02	2.085531e+01	3.228003e-03	-9.051161e-03	1.227916e-02
22.825        	-1.062223e-02	2.084727e+01	3.147602e-03	-9.048434e-03	1.219604e-02
22.85         	-1.059927e-02	2.083966e+01	3.247132e-03	-8.975702e-03	1.222283e-02
22.875        	-1.069288e-02	2.083139e+01	3.153071e-03	-9.116349e-03	1.226942e-02
22.9          	-1.069642e-02	2.082352e+01	3.273209e-03	-9.059820e-03	1.233303e-02
22.925        	-1.076695e-02	2.081531e+01	3.204811e-03	-9.164544e-03	1.236936e-02
22.95         	-1.058893e-02	2.080728e+01	3.285793e-03	-8.946035e-03	1.223183e-02
22.975        	-1.061244e-02	2.079901e+01	3.186192e-03	-9.019346e-03	1.220554e-02
23            	-1.058449e-02	2.079077e+01	3.237958e-03	-8.965514e-03	1.220347e-02
23.025        	-1.041578e-02	2.078231e+01	3.115203e-03	-8.858179e-03	1.197338e-02
23.05         	-1.066525e-02	2.077434e+01	3.356136e-03	-8.987182e-03	1.234332e-02
23.075        	-1.047660e-02	2.076605e+01	3.107488e-03	-8.922853e-03	1.203034e-02
23.1          	-1.049883e-02	2.075783e+01	3.314032e-03	-8.841818e-03	1.215585e-02
23.125        	-1.033853e-02	2.074976e+01	3.103806e-03	-8.786627e-03	1.189043e-02
23.15         	-1.048202e-02	2.074171e+01	3.304682e-03	-8.829680e-03	1.213436e-02
23.175        	-1.044350e-02	2.073291e+01	3.167692e-03	-8.859654e-03	1.202735e-02
23.2          	-1.050703e-02	2.072445e+01	3.317851e-03	-8.848101e-03	1.216595e-02
23.225        	-1.027696e-02	2.071584e+01	3.128107e-03	-8.712907e-03	1.184101e-02
23.25         	-1.041372e-02	2.070741e+01	3.291146e-03	-8.768148e-03	1.205929e-02
23.275        	-1.031010e-02	2.069865e+01	3.156715e-03	-8.731744e-03	1.188846e-02
23.3          	-1.035034e-02	2.069007e+01	3.302178e-03	-8.699249e-03	1.200143e-02
23.325        	-1.032107e-02	2.068129e+01	3.194255e-03	-8.723939e-03	1.191819e-02
23.35         	-1.051850e-02	2.067269e+01	3.399584e-03	-8.818706e-03	1.221829e-02
23.375        	-1.026965e-02	2.066376e+01	3.156172e-03	-8.691559e-03	1.184773e-02
23.4          	-1.033376e-02	2.065507e+01	3.389276e-03	-8.639120e-03	1.202840e-02
23.425        	-1.026069e-02	2.064617e+01	3.133829e-03	-8.693776e-03	1.182761e-02
23.45         	-1.028786e-02	2.063731e+01	3.377381e-03	-8.599167e-03	1.197655e-02
23.475        	-1.019208e-02	2.062869e+01	3.170264e-03	-8.606948e-03	1.177721e-02
23.5          	-1.030602e-02	2.061943e+01	3.368772e-03	-8.621632e-03	1.199040e-02
23.525        	-1.013670e-02	2.061068e+01	3.167305e-03	-8.553050e-03	1.172035e-02
23.55         	-1.010915e-02	2.060191e+01	3.346706e-03	-8.435792e-03	1.178250e-02
23.575        	-1.030445e-02	2.059256e+01	3.220267e-03	-8.694313e-03	1.191458e-02
23.6          	-1.010523e-02	2.058405e+01	3.330232e-03	-8.440111e-03	1.177034e-02
23.625        	-1.023424e-02	2.057506e+01	3.257562e-03	-8.605459e-03	1.186302e-02
23.65         	-1.010385e-02	2.056628e+01	3.291091e-03	-8.458300e-03	1.174939e-02
23.675        	-1.040305e-02	2.055716e+01	3.394485e-03	-8.705807e-03	1.210029e-02
23.7          	-9.892022e-03	2.054837e+01	3.168681e-03	-8.307681e-03	1.147636e-02
23.725        	-1.020450e-02	2.053937e+01	3.434133e-03	-8.487434e-03	1.192157e-02
23.75         	-9.953944e-03	2.053007e+01	3.150316e-03	-8.378786e-03	1.152910e-02
23.775        	-1.033136e-02	2.052133e+01	3.522017e-03	-8.570350e-03	1.209237e-02
23.8          	-9.849573e-03	2.051242e+01	3.117732e-03	-8.290707e-03	1.140844e-02
23.825        	-1.020549e-02	2.050341e+01	3.445579e-03	-8.482699e-03	1.192828e-02
23.85         	-9.847731e-03	2.049421e+01	3.155352e-03	-8.270055e-03	1.142541e-02
23.875        	-1.016884e-02	2.048528e+01	3.439048e-03	-8.449311e-03	1.188836e-02
23.9          	-9.858956e-03	2.047588e+01	3.186813e-03	-8.265549e-03	1.145236e-02
23.925        	-1.017015e-02	2.046692e+01	3.424771e-03	-8.457763e-03	1.188253e-02
23.95         	-9.806193e-03	2.045762e+01	3.232455e-03	-8.189966e-03	1.142242e-02
23.975        	-1.006918e-02	2.044884e+01	3.468576e-03	-8.334897e-03	1.180347e-02
24            	-9.905072e-03	2.043948e+01	3.215956e-03	-8.297094e-03	1.151305e-02
24.025        	-1.003861e-02	2.043055e+01	3.478336e-03	-8.299438e-03	1.177777e-02
24.05         	-9.778478e-03	2.042177e+01	3.214226e-03	-8.171364e-03	1.138559e-02
24.075        	-9.886446e-03	2.041217e+01	3.380254e-03	-8.196319e-03	1.157657e-02
24.1          	-1.002265e-02	2.040349e+01	3.351462e-03	-8.346922e-03	1.169838e-02
24.125        	-9.986192e-03	2.039469e+01	3.426799e-03	-8.272792e-03	1.169959e-02
24.15         	-9.768962e-03	2.038564e+01	3.284784e-03	-8.126570e-03	1.141135e-02
24.175        	-1.012217e-02	2.037695e+01	3.495964e-03	-8.374189e-03	1.187015e-02
24.2          	-9.575353e-03	2.036791e+01	3.186755e-03	-7.981975e-03	1.116873e-02
24.225        	-1.010966e-02	2.035905e+01	3.536747e-03	-8.341290e-03	1.187804e-02
24.25         	-9.781126e-03	2.035003e+01	3.232310e-03	-8.164971e-03	1.139728e-02
24.275        	-9.944770e-03	2.034118e+01	3.516963e-03	-8.186289e-03	1.170325e-02
24.3          	-9.759286e-03	2.033217e+01	3.226511e-03	-8.146030e-03	1.137254e-02
24.325        	-9.868066e-03	2.032348e+01	3.539312e-03	-8.098410e-03	1.163772e-02
24.35         	-9.750865e-03	2.031453e+01	3.237289e-03	-8.132220e-03	1.136951e-02
24.375        	-9.939178e-03	2.030538e+01	3.526144e-03	-8.176106e-03	1.170225e-02
24.4          	-9.950739e-03	2.029660e+01	3.298640e-03	-8.301419e-03	1.160006e-02
24.425        	-9.812513e-03	2.028776e+01	3.513965e-03	-8.055531e-03	1.156950e-02
24.45         	-9.936681e-03	2.027897e+01	3.291433e-03	-8.290965e-03	1.158240e-02
24.475        	-9.866338e-03	2.027005e+01	3.519243e-03	-8.106716e-03	1.162596e-02
24.5          	-9.716985e-03	2.026138e+01	3.293927e-03	-8.070021e-03	1.136395e-02
24.525        	-9.717979e-03	2.025203e+01	3.443112e-03	-7.996423e-03	1.143953e-02
24.55         	-9.825872e-03	2.024399e+01	3.376040e-03	-8.137852e-03	1.151389e-02
24.575        	-9.703881e-03	2.023546e+01	3.453162e-03	-7.977300e-03	1.143046e-02
24.6          	-1.003154e-02	2.022670e+01	3.467241e-03	-8.297923e-03	1.176516e-02
24.625        	-9.434544e-03	2.021814e+01	3.313864e-03	-7.777612e-03	1.109148e-02
24.65         	-1.030723e-02	2.020966e+01	3.657884e-03	-8.478289e-03	1.213617e-02
24.675        	-9.313849e-03	2.020127e+01	3.192356e-03	-7.717671e-03	1.091003e-02
24.7          	-1.008901e-02	2.019285e+01	3.655263e-03	-8.261376e-03	1.191664e-02
24.725        	-9.681993e-03	2.018426e+01	3.228558e-03	-8.067714e-03	1.129627e-02
24.75         	-9.911433e-03	2.017563e+01	3.640048e-03	-8.091409e-03	1.173146e-02
24.775        	-9.699900e-03	2.016714e+01	3.249003e-03	-8.075399e-03	1.132440e-02
24.8          	-1.001452e-02	2.015877e+01	3.689819e-03	-8.169612e-03	1.185943e-02
24.825        	-9.707863e-03	2.015029e+01	3.244942e-03	-8.085392e-03	1.133033e-02
24.85         	-9.944109e-03	2.014204e+01	3.684778e-03	-8.101720e-03	1.178650e-02
24.875        	-9.699855e-03	2.013360e+01	3.260276e-03	-8.069716e-03	1.132999e-02
24.9          	-9.829105e-03	2.012572e+01	3.659172e-03	-7.999519e-03	1.165869e-02
24.925        	-9.716826e-03	2.011660e+01	3.226493e-03	-8.103580e-03	1.133007e-02
24.95         	-1.010308e-02	2.010916e+01	3.720371e-03	-8.242893e-03	1.196326e-02
24.975        	-9.633726e-03	2.010037e+01	3.258417e-03	-8.004517e-03	1.126293e-02
25            	-9.935945e-03	2.009264e+01	3.656723e-03	-8.107583e-03	1.176431e-02
25.025        	-9.757005e-03	2.008440e+01	3.328937e-03	-8.092536e-03	1.142147e-02
25.05         	-1.014794e-02	2.007661e+01	3.737155e-03	-8.279363e-03	1.201652e-02
25.075        	-9.529516e-03	2.006848e+01	3.241833e-03	-7.908599e-03	1.115043e-02
25.1          	-1.013622e-02	2.006094e+01	3.750389e-03	-8.261022e-03	1.201141e-02
25.125        	-9.621684e-03	2.005267e+01	3.239097e-03	-8.002136e-03	1.124123e-02
25.15         	-9.947934e-03	2.004503e+01	3.737087e-03	-8.079391e-03	1.181648e-02
25.175        	-9.810033e-03	2.003708e+01	3.290265e-03	-8.164900e-03	1.145517e-02
25.2          	-1.001892e-02	2.002938e+01	3.717665e-03	-8.160092e-03	1.187776e-02
25.225        	-9.765362e-03	2.002146e+01	3.336463e-03	-8.097131e-03	1.143359e-02
25.25         	-9.944732e-03	2.001385e+01	3.698643e-03	-8.095411e-03	1.179405e-02
25.275        	-9.797387e-03	2.000614e+01	3.342556e-03	-8.126109e-03	1.146867e-02
25.3          	-9.925202e-03	1.999835e+01	3.620578e-03	-8.114913e-03	1.173549e-02
25.325        	-9.919361e-03	1.999067e+01	3.453960e-03	-8.192381e-03	1.164634e-02
25.35         	-9.966339e-03	1.998339e+01	3.610230e-03	-8.161224e-03	1.177145e-02
25.375        	-9.860624e-03	1.997571e+01	3.505036e-03	-8.108106e-03	1.161314e-02
25.4          	-1.012108e-02	1.996846e+01	3.592122e-03	-8.325018e-03	1.191714e-02
25.425        	-9.935892e-03	1.996098e+01	3.511746e-03	-8.180019e-03	1.169177e-02
25.45         	-9.966251e-03	1.995362e+01	3.574065e-03	-8.179218e-03	1.175328e-02
25.475        	-1.010854e-02	1.994658e+01	3.556797e-03	-8.330145e-03	1.188694e-02
25.5          	-9.808481e-03	1.993926e+01	3.554549e-03	-8.031206e-03	1.158575e-02
25.525        	-1.009164e-02	1.993199e+01	3.526466e-03	-8.328402e-03	1.185487e-02
25.55         	-9.950793e-03	1.992453e+01	3.551806e-03	-8.174890e-03	1.172670e-02
25.575        	-1.016886e-02	1.991757e+01	3.627170e-03	-8.355275e-03	1.198245e-02
25.6          	-9.987290e-03	1.991039e+01	3.492094e-03	-8.241242e-03	1.173334e-02
25.625        	-1.007289e-02	1.990340e+01	3.631103e-03	-8.257336e-03	1.188844e-02
25.65         	-9.960485e-03	1.989634e+01	3.498772e-03	-8.211099e-03	1.170987e-02
25.675        	-1.012215e-02	1.988917e+01	3.608658e-03	-8.317822e-03	1.192648e-02
25.7          	-1.018821e-02	1.988228e+01	3.524888e-03	-8.425766e-03	1.195065e-02
25.725        	-1.013831e-02	1.987562e+01	3.683292e-03	-8.296660e-03	1.197995e-02
25.75         	-9.982943e-03	1.986880e+01	3.431997e-03	-8.266945e-03	1.169894e-02
25.775        	-1.030526e-02	1.986226e+01	3.765158e-03	-8.422683e-03	1.218784e-02
25.8          	-9.963433e-03	1.985536e+01	3.375880e-03	-8.275493e-03	1.165137e-02
25.825        	-1.031536e-02	1.984887e+01	3.756625e-03	-8.437049e-03	1.219367e-02
25.85         	-1.011500e-02	1.984209e+01	3.445339e-03	-8.392334e-03	1.183767e-02
25.875        	-1.034131e-02	1.983600e+01	3.754532e-03	-8.464046e-03	1.221858e-02
25.9          	-1.009696e-02	1.982895e+01	3.442676e-03	-8.375622e-03	1.181830e-02
25.925        	-1.029930e-02	1.982259e+01	3.754465e-03	-8.422065e-03	1.217653e-02
25.95         	-1.036985e-02	1.981602e+01	3.529294e-03	-8.605201e-03	1.213449e-02
25.975        	-1.025081e-02	1.980974e+01	3.714287e-03	-8.393669e-03	1.210796e-02
26            	-1.029542e-02	1.980318e+01	3.526143e-03	-8.532352e-03	1.205849e-02
26.025        	-1.040252e-02	1.979700e+01	3.725997e-03	-8.539520e-03	1.226552e-02
26.05         	-1.030035e-02	1.979046e+01	3.505123e-03	-8.547791e-03	1.205291e-02
26.075        	-1.037215e-02	1.978421e+01	3.729496e-03	-8.507398e-03	1.223689e-02
26.1          	-1.031570e-02	1.977830e+01	3.542482e-03	-8.544459e-03	1.208694e-02
26.125        	-1.039122e-02	1.977227e+01	3.717803e-03	-8.532321e-03	1.225012e-02
26.15         	-1.052095e-02	1.976654e+01	3.585975e-03	-8.727959e-03	1.231393e-02
26.175        	-1.028536e-02	1.976020e+01	3.677779e-03	-8.446469e-03	1.212425e-02
26.2          	-1.060888e-02	1.975412e+01	3.625916e-03	-8.795924e-03	1.242184e-02
26.225        	-1.045474e-02	1.974821e+01	3.683726e-03	-8.612879e-03	1.229660e-02
26.25         	-1.055082e-02	1.974237e+01	3.663269e-03	-8.719184e-03	1.238245e-02
26.275        	-1.032413e-02	1.973669e+01	3.578833e-03	-8.534716e-03	1.211355e-02
26.3          	-1.079768e-02	1.973087e+01	3.814178e-03	-8.890592e-03	1.270477e-02
26.325        	-1.052726e-02	1.972481e+01	3.502893e-03	-8.775809e-03	1.227870e-02
26.35         	-1.055040e-02	1.971922e+01	3.790779e-03	-8.655009e-03	1.244579e-02
26.375        	-1.054057e-02	1.971342e+01	3.500890e-03	-8.790122e-03	1.229101e-02
26.4          	-1.066900e-02	1.970771e+01	3.805785e-03	-8.766110e-03	1.257190e-02
26.425        	-1.049396e-02	1.970182e+01	3.469836e-03	-8.759043e-03	1.222888e-02
26.45         	-1.074639e-02	1.969656e+01	3.895818e-03	-8.798480e-03	1.269430e-02
26.475        	-1.066626e-02	1.969093e+01	3.494364e-03	-8.919082e-03	1.241345e-02
26.5          	-1.071028e-02	1.968563e+01	3.824292e-03	-8.798133e-03	1.262243e-02
26.525        	-1.062899e-02	1.968027e+01	3.517732e-03	-8.870125e-03	1.238786e-02
26.55         	-1.071405e-02	1.967518e+01	3.863968e-03	-8.782068e-03	1.264604e-02
26.575        	-1.075703e-02	1.966967e+01	3.519262e-03	-8.997401e-03	1.251666e-02
26.6          	-1.079152e-02	1.966455e+01	3.868330e-03	-8.857357e-03	1.272569e-02
26.625        	-1.102194e-02	1.965939e+01	3.650246e-03	-9.196818e-03	1.284706e-02
26.65         	-1.067625e-02	1.965401e+01	3.713369e-03	-8.819568e-03	1.253294e-02
26.675        	-1.109560e-02	1.964886e+01	3.727962e-03	-9.231621e-03	1.295958e-02
26.7          	-1.083731e-02	1.964347e+01	3.695230e-03	-8.989693e-03	1.268492e-02
26.725        	-1.095874e-02	1.963825e+01	3.691924e-03	-9.112782e-03	1.280471e-02
26.75         	-1.094155e-02	1.963295e+01	3.712501e-03	-9.085304e-03	1.279781e-02
26.775        	-1.088004e-02	1.962798e+01	3.679587e-03	-9.040251e-03	1.271984e-02
26.8          	-1.082867e-02	1.962269e+01	3.701879e-03	-8.977726e-03	1.267960e-02
26.825        	-1.107420e-02	1.961823e+01	3.715727e-03	-9.216332e-03	1.293206e-02
26.85         	-1.104496e-02	1.961315e+01	3.717381e-03	-9.186270e-03	1.290365e-02
26.875        	-1.111332e-02	1.960842e+01	3.791917e-03	-9.217357e-03	1.300927e-02
26.9          	-1.099552e-02	1.960354e+01	3.678212e-03	-9.156414e-03	1.283463e-02
26.925        	-1.121955e-02	1.959849e+01	3.819621e-03	-9.309741e-03	1.312936e-02
26.95         	-1.089301e-02	1.959406e+01	3.668403e-03	-9.058807e-03	1.272721e-02
26.975        	-1.149388e-02	1.958908e+01	3.875176e-03	-9.556291e-03	1.343147e-02
27            	-1.076377e-02	1.958426e+01	3.549409e-03	-8.989064e-03	1.253847e-02
27.025        	-1.127533e-02	1.957961e+01	3.916713e-03	-9.316978e-03	1.323369e-02
27.05         	-1.114320e-02	1.957499e+01	3.632674e-03	-9.326861e-03	1.295954e-02
27.075        	-1.116515e-02	1.956999e+01	3.812944e-03	-9.258674e-03	1.307162e-02
27.1          	-1.115773e-02	1.956527e+01	3.650631e-03	-9.332417e-03	1.298305e-02
27.125        	-1.115815e-02	1.956065e+01	3.804472e-03	-9.255915e-03	1.306039e-02
27.15         	-1.115555e-02	1.955593e+01	3.629387e-03	-9.340860e-03	1.297025e-02
27.175        	-1.110678e-02	1.955125e+01	3.803040e-03	-9.205256e-03	1.300830e-02
27.2          	-1.147377e-02	1.954700e+01	3.811569e-03	-9.567981e-03	1.337955e-02
27.225        	-1.120843e-02	1.954259e+01	3.724219e-03	-9.346316e-03	1.307054e-02
27.25         	-1.136514e-02	1.953833e+01	3.841057e-03	-9.444616e-03	1.328567e-02
27.275        	-1.134419e-02	1.953392e+01	3.708929e-03	-9.489724e-03	1.319865e-02
27.3          	-1.132444e-02	1.952971e+01	3.819367e-03	-9.414756e-03	1.323412e-02
27.325        	-1.131152e-02	1.952528e+01	3.724162e-03	-9.449444e-03	1.317361e-02
27.35         	-1.137225e-02	1.952092e+01	3.787965e-03	-9.478269e-03	1.326623e-02
27.375        	-1.131610e-02	1.951648e+01	3.698647e-03	-9.466777e-03	1.316542e-02
27.4          	-1.143872e-02	1.951196e+01	3.760105e-03	-9.558672e-03	1.331878e-02
27.425        	-1.139000e-02	1.950759e+01	3.768301e-03	-9.505850e-03	1.327415e-02
27.45         	-1.135367e-02	1.950325e+01	3.705184e-03	-9.501079e-03	1.320626e-02
27.475        	-1.138994e-02	1.949904e+01	3.820922e-03	-9.479478e-03	1.330040e-02
27.5          	-1.141230e-02	1.949501e+01	3.658893e-03	-9.582849e-03	1.324174e-02
27.525        	-1.136766e-02	1.949046e+01	3.856872e-03	-9.439227e-03	1.329610e-02
27.55         	-1.131027e-02	1.948599e+01	3.600512e-03	-9.510017e-03	1.311053e-02
27.575        	-1.158767e-02	1.948215e+01	3.914499e-03	-9.630419e-03	1.354492e-02
27.6          	-1.157818e-02	1.947828e+01	3.733416e-03	-9.711469e-03	1.344488e-02
27.625        	-1.152409e-02	1.947395e+01	3.831834e-03	-9.608177e-03	1.344001e-02
27.65         	-1.155240e-02	1.947001e+01	3.789572e-03	-9.657609e-03	1.344718e-02
27.675        	-1.163112e-02	1.946590e+01	3.827724e-03	-9.717260e-03	1.354498e-02
27.7          	-1.150918e-02	1.946198e+01	3.765673e-03	-9.626344e-03	1.339202e-02
27.725        	-1.160632e-02	1.945783e+01	3.777869e-03	-9.717382e-03	1.349525e-02
27.75         	-1.149235e-02	1.945370e+01	3.759208e-03	-9.612747e-03	1.337195e-02
27.775        	-1.167985e-02	1.944957e+01	3.807240e-03	-9.776233e-03	1.358347e-02
27.8          	-1.156454e-02	1.944546e+01	3.764478e-03	-9.682296e-03	1.344677e-02
27.825        	-1.151122e-02	1.944149e+01	3.786166e-03	-9.618137e-03	1.340430e-02
27.85         	-1.172803e-02	1.943751e+01	3.764237e-03	-9.845911e-03	1.361015e-02
27.875        	-1.156640e-02	1.943332e+01	3.804734e-03	-9.664029e-03	1.346876e-02
27.9          	-1.156869e-02	1.942930e+01	3.734108e-03	-9.701641e-03	1.343575e-02
27.925        	-1.157785e-02	1.942494e+01	3.799533e-03	-9.678086e-03	1.347762e-02
27.95         	-1.169859e-02	1.942159e+01	3.868737e-03	-9.764226e-03	1.363296e-02
27.975        	-1.176366e-02	1.941756e+01	3.764566e-03	-9.881375e-03	1.364594e-02
28            	-1.178037e-02	1.941400e+01	3.900855e-03	-9.829941e-03	1.373080e-02
28.025        	-1.168734e-02	1.940990e+01	3.710810e-03	-9.831930e-03	1.354274e-02
28.05         	-1.179321e-02	1.940619e+01	3.923409e-03	-9.831510e-03	1.375492e-02
28.075        	-1.171286e-02	1.940233e+01	3.768950e-03	-9.828384e-03	1.359733e-02
28.1          	-1.178501e-02	1.939840e+01	3.858817e-03	-9.855598e-03	1.371442e-02
28.125        	-1.174097e-02	1.939433e+01	3.723220e-03	-9.879361e-03	1.360258e-02
28.15         	-1.165553e-02	1.939048e+01	3.743085e-03	-9.783988e-03	1.352707e-02
28.175        	-1.177705e-02	1.938657e+01	3.921278e-03	-9.816415e-03	1.373769e-02
28.2          	-1.188723e-02	1.938247e+01	3.722948e-03	-1.002576e-02	1.374871e-02
28.225        	-1.169617e-02	1.937854e+01	3.852857e-03	-9.769746e-03	1.362260e-02
28.25         	-1.178233e-02	1.937476e+01	3.793711e-03	-9.885479e-03	1.367919e-02
28.275        	-1.171173e-02	1.937065e+01	3.786033e-03	-9.818712e-03	1.360475e-02
28.3          	-1.167462e-02	1.936657e+01	3.794485e-03	-9.777381e-03	1.357187e-02
28.325        	-1.185887e-02	1.936312e+01	3.869469e-03	-9.924131e-03	1.379360e-02
28.35         	-1.191126e-02	1.935957e+01	3.896716e-03	-9.962899e-03	1.385962e-02
28.375        	-1.182565e-02	1.935560e+01	3.745819e-03	-9.952740e-03	1.369856e-02
28.4          	-1.210865e-02	1.935184e+01	3.934351e-03	-1.014147e-02	1.407582e-02
28.425        	-1.176410e-02	1.934809e+01	3.753389e-03	-9.887401e-03	1.364079e-02
28.45         	-1.167043e-02	1.934452e+01	3.864285e-03	-9.738292e-03	1.360258e-02
28.475        	-1.209131e-02	1.934060e+01	3.813369e-03	-1.018463e-02	1.399800e-02
28.5          	-1.190308e-02	1.933656e+01	3.854569e-03	-9.975800e-03	1.383037e-02
28.525        	-1.188407e-02	1.933258e+01	3.759381e-03	-1.000438e-02	1.376376e-02
28.55         	-1.178830e-02	1.932861e+01	3.824891e-03	-9.875851e-03	1.370074e-02
28.575        	-1.172208e-02	1.932473e+01	3.736168e-03	-9.853997e-03	1.359016e-02
28.6          	-1.199432e-02	1.932082e+01	3.881110e-03	-1.005376e-02	1.393487e-02
28.625        	-1.175882e-02	1.931686e+01	3.761246e-03	-9.878196e-03	1.363944e-02
28.65         	-1.185595e-02	1.931306e+01	3.830287e-03	-9.940809e-03	1.377110e-02
28.675        	-1.178416e-02	1.930905e+01	3.778545e-03	-9.894888e-03	1.367343e-02
28.7          	-1.216242e-02	1.930543e+01	3.995726e-03	-1.016456e-02	1.416029e-02
28.725        	-1.181924e-02	1.930179e+01	3.713016e-03	-9.962737e-03	1.367575e-02
28.75         	-1.201683e-02	1.929827e+01	4.019368e-03	-1.000715e-02	1.402651e-02
28.775        	-1.191226e-02	1.929443e+01	3.583397e-03	-1.012057e-02	1.370396e-02
28.8          	-1.194447e-02	1.929019e+01	4.031774e-03	-9.928578e-03	1.396035e-02
28.825        	-1.207457e-02	1.928644e+01	3.704634e-03	-1.022226e-02	1.392689e-02
28.85         	-1.177488e-02	1.928227e+01	3.889512e-03	-9.830124e-03	1.371964e-02
28.875        	-1.189703e-02	1.927835e+01	3.761375e-03	-1.001635e-02	1.377772e-02
28.9          	-1.189883e-02	1.927443e+01	3.854607e-03	-9.971530e-03	1.382614e-02
28.925        	-1.197122e-02	1.927028e+01	3.780689e-03	-1.008088e-02	1.386157e-02
28.95         	-1.188931e-02	1.926634e+01	3.885126e-03	-9.946745e-03	1.383187e-02
28.975        	-1.189437e-02	1.926244e+01	3.786917e-03	-1.000091e-02	1.378783e-02
29            	-1.186775e-02	1.925856e+01	3.886673e-03	-9.924418e-03	1.381109e-02
29.025        	-1.179953e-02	1.925441e+01	3.743298e-03	-9.927885e-03	1.367118e-02
29.05         	-1.200146e-02	1.925047e+01	3.917787e-03	-1.004257e-02	1.396036e-02
29.075        	-1.185660e-02	1.924623e+01	3.744310e-03	-9.984445e-03	1.372875e-02
29.1          	-1.221100e-02	1.924253e+01	4.094458e-03	-1.016378e-02	1.425823e-02
29.125        	-1.189261e-02	1.923875e+01	3.631218e-03	-1.007700e-02	1.370822e-02
29.15         	-1.227382e-02	1.923466e+01	4.155464e-03	-1.019609e-02	1.435155e-02
29.175        	-1.187080e-02	1.923087e+01	3.604293e-03	-1.006866e-02	1.367295e-02
29.2          	-1.218181e-02	1.922667e+01	4.081454e-03	-1.014108e-02	1.422254e-02
29.225        	-1.173996e-02	1.922265e+01	3.610088e-03	-9.934919e-03	1.354501e-02
29.25         	-1.201098e-02	1.921849e+01	3.989975e-03	-1.001599e-02	1.400597e-02
29.275        	-1.180513e-02	1.921455e+01	3.674922e-03	-9.967673e-03	1.364259e-02
29.3          	-1.198769e-02	1.921045e+01	3.966229e-03	-1.000458e-02	1.397080e-02
29.325        	-1.182500e-02	1.920632e+01	3.721239e-03	-9.964376e-03	1.368561e-02
29.35         	-1.201849e-02	1.920217e+01	3.935654e-03	-1.005066e-02	1.398631e-02
29.375        	-1.184011e-02	1.919806e+01	3.766632e-03	-9.956794e-03	1.372343e-02
29.4          	-1.201600e-02	1.919394e+01	3.899305e-03	-1.006634e-02	1.396565e-02
29.425        	-1.195841e-02	1.918964e+01	3.790146e-03	-1.006333e-02	1.385348e-02
29.45         	-1.200529e-02	1.918532e+01	3.884920e-03	-1.006283e-02	1.394776e-02
29.475        	-1.187039e-02	1.918091e+01	3.775172e-03	-9.982805e-03	1.375798e-02
29.5          	-1.196308e-02	1.917672e+01	3.944104e-03	-9.991024e-03	1.393513e-02
29.525        	-1.201121e-02	1.917268e+01	3.799326e-03	-1.011155e-02	1.391087e-02
29.55         	-1.211481e-02	1.916864e+01	3.943247e-03	-1.014319e-02	1.408643e-02
29.575        	-1.205407e-02	1.916435e+01	3.844824e-03	-1.013166e-02	1.397648e-02
29.6          	-1.195640e-02	1.916008e+01	3.842817e-03	-1.003499e-02	1.387781e-02
29.625        	-1.210815e-02	1.915590e+01	3.905879e-03	-1.015521e-02	1.406109e-02
29.65         	-1.177041e-02	1.915169e+01	3.777690e-03	-9.881569e-03	1.365926e-02
29.675        	-1.210378e-02	1.914738e+01	3.930537e-03	-1.013851e-02	1.406905e-02
29.7          	-1.194113e-02	1.914300e+01	3.757972e-03	-1.006215e-02	1.382012e-02
29.725        	-1.205436e-02	1.913855e+01	3.969890e-03	-1.006941e-02	1.403931e-02
29.75         	-1.180328e-02	1.913415e+01	3.715752e-03	-9.945408e-03	1.366116e-02
29.775        	-1.197491e-02	1.912978e+01	3.955609e-03	-9.997109e-03	1.395272e-02
29.8          	-1.181522e-02	1.912553e+01	3.724997e-03	-9.952723e-03	1.367772e-02
29.825        	-1.194303e-02	1.912104e+01	3.929772e-03	-9.978140e-03	1.390791e-02
29.85         	-1.186188e-02	1.911659e+01	3.758628e-03	-9.982565e-03	1.374119e-02
29.875        	-1.199376e-02	1.911211e+01	3.905919e-03	-1.004080e-02	1.394672e-02
29.9          	-1.191029e-02	1.910765e+01	3.784473e-03	-1.001806e-02	1.380253e-02
29.925        	-1.190321e-02	1.910302e+01	3.879572e-03	-9.963419e-03	1.384299e-02
29.95         	-1.207978e-02	1.909827e+01	3.875616e-03	-1.014198e-02	1.401759e-02
29.975        	-1.185017e-02	1.909418e+01	3.857020e-03	-9.921665e-03	1.377868e-02
30            	-1.230030e-02	1.908973e+01	4.072298e-03	-1.026415e-02	1.433645e-02
30.025        	-1.185664e-02	1.908531e+01	3.704964e-03	-1.000416e-02	1.370912e-02
30.05         	-1.210337e-02	1.908068e+01	4.023045e-03	-1.009185e-02	1.411490e-02
30.075        	-1.195939e-02	1.907584e+01	3.726372e-03	-1.009620e-02	1.382257e-02
30.1          	-1.207216e-02	1.907136e+01	4.049150e-03	-1.004759e-02	1.409674e-02
30.125        	-1.188672e-02	1.906671e+01	3.659912e-03	-1.005676e-02	1.371668e-02
30.15         	-1.210271e-02	1.906188e+01	4.035869e-03	-1.008478e-02	1.412065e-02
30.175        	-1.186306e-02	1.905727e+01	3.692015e-03	-1.001705e-02	1.370907e-02
30.2          	-1.197907e-02	1.905256e+01	4.019930e-03	-9.969105e-03	1.398903e-02
30.225        	-1.192926e-02	1.904766e+01	3.679388e-03	-1.008957e-02	1.376895e-02
30.25         	-1.197381e-02	1.904293e+01	4.007712e-03	-9.969957e-03	1.397767e-02
30.275        	-1.180792e-02	1.903809e+01	3.685230e-03	-9.965308e-03	1.365054e-02
30.3          	-1.210316e-02	1.903337e+01	4.031667e-03	-1.008732e-02	1.411899e-02
30.325        	-1.184933e-02	1.902850e+01	3.718246e-03	-9.990211e-03	1.370846e-02
30.35         	-1.188729e-02	1.902364e+01	3.923884e-03	-9.925348e-03	1.384923e-02
30.375        	-1.191153e-02	1.901882e+01	3.815390e-03	-1.000384e-02	1.381922e-02
30.4          	-1.198644e-02	1.901387e+01	3.912231e-03	-1.003032e-02	1.394255e-02
30.425        	-1.170371e-02	1.900888e+01	3.667348e-03	-9.870035e-03	1.353738e-02
30.45         	-1.213762e-02	1.900414e+01	4.104008e-03	-1.008562e-02	1.418963e-02
30.475        	-1.187720e-02	1.899931e+01	3.672276e-03	-1.004106e-02	1.371334e-02
30.5          	-1.219931e-02	1.899445e+01	4.133667e-03	-1.013248e-02	1.426615e-02
30.525        	-1.183528e-02	1.898948e+01	3.628096e-03	-1.002123e-02	1.364932e-02
30.55         	-1.194905e-02	1.898452e+01	4.005076e-03	-9.946512e-03	1.395159e-02
30.575        	-1.197871e-02	1.897948e+01	3.768345e-03	-1.009453e-02	1.386288e-02
30.6          	-1.182351e-02	1.897454e+01	3.904126e-03	-9.871446e-03	1.377557e-02
30.625        	-1.199683e-02	1.896976e+01	3.871870e-03	-1.006090e-02	1.393277e-02
30.65         	-1.187054e-02	1.896459e+01	3.827326e-03	-9.956876e-03	1.378420e-02
30.675        	-1.200425e-02	1.895944e+01	3.858664e-03	-1.007492e-02	1.393358e-02
30.7          	-1.189119e-02	1.895426e+01	3.870716e-03	-9.955831e-03	1.382655e-02
30.725        	-1.194826e-02	1.894924e+01	3.814364e-03	-1.004107e-02	1.385544e-02
30.75         	-1.193316e-02	1.894392e+01	3.879426e-03	-9.993449e-03	1.387287e-02
30.775        	-1.189585e-02	1.893891e+01	3.803292e-03	-9.994205e-03	1.379750e-02
30.8          	-1.195046e-02	1.893358e+01	3.892729e-03	-1.000410e-02	1.389682e-02
30.825        	-1.200564e-02	1.892852e+01	3.861046e-03	-1.007512e-02	1.393617e-02
30.85         	-1.182942e-02	1.892334e+01	3.815567e-03	-9.921635e-03	1.373720e-02
30.875        	-1.199805e-02	1.891809e+01	3.900767e-03	-1.004767e-02	1.394844e-02
30.9          	-1.194463e-02	1.891282e+01	3.820449e-03	-1.003440e-02	1.385485e-02
30.925        	-1.195519e-02	1.890753e+01	3.886391e-03	-1.001199e-02	1.389838e-02
30.95         	-1.193308e-02	1.890203e+01	3.815073e-03	-1.002555e-02	1.384062e-02
30.975        	-1.202360e-02	1.889688e+01	3.958373e-03	-1.004441e-02	1.400278e-02
31            	-1.201339e-02	1.889175e+01	3.851102e-03	-1.008784e-02	1.393894e-02
31.025        	-1.211070e-02	1.888650e+01	3.941911e-03	-1.013974e-02	1.408165e-02
31.05         	-1.199946e-02	1.888113e+01	3.851722e-03	-1.007360e-02	1.392533e-02
31.075        	-1.199284e-02	1.887576e+01	3.877419e-03	-1.005413e-02	1.393155e-02
31.1          	-1.182290e-02	1.887035e+01	3.785210e-03	-9.930291e-03	1.371550e-02
31.125        	-1.200725e-02	1.886495e+01	3.918556e-03	-1.004797e-02	1.396653e-02
31.15         	-1.184240e-02	1.885936e+01	3.732197e-03	-9.976303e-03	1.370850e-02
31.175        	-1.205646e-02	1.885398e+01	3.981347e-03	-1.006579e-02	1.404713e-02
31.2          	-1.187610e-02	1.884869e+01	3.756661e-03	-9.997765e-03	1.375443e-02
31.225        	-1.210486e-02	1.884323e+01	3.990205e-03	-1.010976e-02	1.409996e-02
31.25         	-1.191336e-02	1.883766e+01	3.736018e-03	-1.004535e-02	1.378137e-02
31.275        	-1.205759e-02	1.883225e+01	4.000678e-03	-1.005725e-02	1.405793e-02
31.3          	-1.190733e-02	1.882668e+01	3.676348e-03	-1.006916e-02	1.374551e-02
31.325        	-1.206180e-02	1.882110e+01	4.038880e-03	-1.004236e-02	1.408124e-02
31.35         	-1.186962e-02	1.881567e+01	3.714040e-03	-1.001260e-02	1.372664e-02
31.375        	-1.207361e-02	1.881000e+01	3.959476e-03	-1.009387e-02	1.405335e-02
31.4          	-1.194082e-02	1.880438e+01	3.769652e-03	-1.005599e-02	1.382565e-02
31.425        	-1.203554e-02	1.879877e+01	3.935953e-03	-1.006756e-02	1.400352e-02
31.45         	-1.199967e-02	1.879322e+01	3.816132e-03	-1.009160e-02	1.390773e-02
31.475        	-1.193134e-02	1.878764e+01	3.874037e-03	-9.994324e-03	1.386836e-02
31.5          	-1.200050e-02	1.878182e+01	3.794755e-03	-1.010313e-02	1.389788e-02
31.525        	-1.193244e-02	1.877606e+01	3.866383e-03	-9.999253e-03	1.386564e-02
31.55         	-1.196209e-02	1.877037e+01	3.785997e-03	-1.006909e-02	1.385509e-02
31.575        	-1.210846e-02	1.876473e+01	3.975156e-03	-1.012088e-02	1.409604e-02
31.6          	-1.203249e-02	1.875919e+01	3.792608e-03	-1.013619e-02	1.392880e-02
31.625        	-1.210193e-02	1.875359e+01	3.995256e-03	-1.010430e-02	1.409955e-02
31.65         	-1.211029e-02	1.874790e+01	3.773197e-03	-1.022369e-02	1.399689e-02
31.675        	-1.199931e-02	1.874199e+01	3.939915e-03	-1.002936e-02	1.396927e-02
31.7          	-1.186923e-02	1.873633e+01	3.716000e-03	-1.001123e-02	1.372723e-02
31.725        	-1.222472e-02	1.873049e+01	4.012275e-03	-1.021858e-02	1.423086e-02
31.75         	-1.188351e-02	1.872473e+01	3.707557e-03	-1.002973e-02	1.373729e-02
31.775        	-1.218834e-02	1.871901e+01	4.050172e-03	-1.016326e-02	1.421343e-02
31.8          	-1.195556e-02	1.871329e+01	3.683264e-03	-1.011393e-02	1.379719e-02
31.825        	-1.215645e-02	1.870749e+01	4.036229e-03	-1.013834e-02	1.417456e-02
31.85         	-1.204744e-02	1.870168e+01	3.735984e-03	-1.017945e-02	1.391543e-02
31.875        	-1.208727e-02	1.869572e+01	3.943229e-03	-1.011565e-02	1.405888e-02
31.9          	-1.197602e-02	1.868989e+01	3.758997e-03	-1.009653e-02	1.385552e-02
31.925        	-1.214199e-02	1.868407e+01	3.950450e-03	-1.016677e-02	1.411722e-02
31.95         	-1.202467e-02	1.867827e+01	3.800620e-03	-1.012436e-02	1.392498e-02
31.975        	-1.210549e-02	1.867254e+01	3.944988e-03	-1.013299e-02	1.407798e-02
32            	-1.213160e-02	1.866663e+01	3.782986e-03	-1.024011e-02	1.402309e-02
32.025        	-1.220757e-02	1.866068e+01	3.944196e-03	-1.023547e-02	1.417967e-02
32.05         	-1.202739e-02	1.865476e+01	3.793052e-03	-1.013087e-02	1.392392e-02
32.075        	-1.216763e-02	1.864890e+01	3.922696e-03	-1.020629e-02	1.412898e-02
32.1          	-1.209068e-02	1.864287e+01	3.778990e-03	-1.020118e-02	1.398017e-02
32.125        	-1.215220e-02	1.863705e+01	3.933629e-03	-1.018539e-02	1.411901e-02
32.15         	-1.205915e-02	1.863098e+01	3.740029e-03	-1.018914e-02	1.392917e-02
32.175        	-1.219228e-02	1.862505e+01	3.953862e-03	-1.021535e-02	1.416921e-02
32.2          	-1.199088e-02	1.861896e+01	3.717630e-03	-1.013206e-02	1.384969e-02
32.225        	-1.227754e-02	1.861310e+01	4.005302e-03	-1.027489e-02	1.428020e-02
32.25         	-1.199306e-02	1.860725e+01	3.734763e-03	-1.012568e-02	1.386044e-02
32.275        	-1.234690e-02	1.860151e+01	4.044282e-03	-1.032476e-02	1.436905e-02
32.3          	-1.199022e-02	1.859547e+01	3.679565e-03	-1.015044e-02	1.383000e-02
32.325        	-1.234703e-02	1.858963e+01	4.056116e-03	-1.031897e-02	1.437509e-02
32.35         	-1.200958e-02	1.858353e+01	3.654430e-03	-1.018236e-02	1.383679e-02
32.375        	-1.224918e-02	1.857761e+01	3.994797e-03	-1.025178e-02	1.424658e-02
32.4          	-1.234525e-02	1.857162e+01	3.832690e-03	-1.042891e-02	1.426160e-02
32.425        	-1.211022e-02	1.856560e+01	3.866902e-03	-1.017677e-02	1.404367e-02
32.45         	-1.235621e-02	1.855963e+01	3.923983e-03	-1.039422e-02	1.431820e-02
32.475        	-1.214706e-02	1.855368e+01	3.808886e-03	-1.024261e-02	1.405150e-02
32.5          	-1.224997e-02	1.854771e+01	3.916072e-03	-1.029193e-02	1.420800e-02
32.525        	-1.220203e-02	1.854176e+01	3.836606e-03	-1.028373e-02	1.412033e-02
32.55         	-1.220887e-02	1.853575e+01	3.859693e-03	-1.027903e-02	1.413872e-02
32.575        	-1.221183e-02	1.852979e+01	3.874593e-03	-1.027454e-02	1.414913e-02
32.6          	-1.233334e-02	1.852376e+01	3.872630e-03	-1.039703e-02	1.426966e-02
32.625        	-1.227649e-02	1.851784e+01	3.887212e-03	-1.033288e-02	1.422010e-02
32.65         	-1.226061e-02	1.851195e+01	3.864902e-03	-1.032815e-02	1.419306e-02
32.675        	-1.221913e-02	1.850604e+01	3.854741e-03	-1.029176e-02	1.414650e-02
32.7          	-1.224876e-02	1.850012e+01	3.842914e-03	-1.032730e-02	1.417022e-02
32.725        	-1.228232e-02	1.849418e+01	3.865792e-03	-1.034943e-02	1.421522e-02
32.75         	-1.228629e-02	1.848800e+01	3.828900e-03	-1.037184e-02	1.420074e-02
32.775        	-1.232475e-02	1.848205e+01	3.865137e-03	-1.039218e-02	1.425732e-02
32.8          	-1.234066e-02	1.847599e+01	3.881520e-03	-1.039990e-02	1.428142e-02
32.825        	-1.235235e-02	1.847013e+01	3.889594e-03	-1.040755e-02	1.429715e-02
32.85         	-1.228264e-02	1.846413e+01	3.841220e-03	-1.036203e-02	1.420325e-02
32.875        	-1.234452e-02	1.845814e+01	3.864205e-03	-1.041242e-02	1.427662e-02
32.9          	-1.240483e-02	1.845206e+01	3.914603e-03	-1.044753e-02	1.436213e-02
32.925        	-1.229118e-02	1.844619e+01	3.765493e-03	-1.040844e-02	1.417393e-02
32.95         	-1.234925e-02	1.844004e+01	3.928007e-03	-1.038524e-02	1.431325e-02
32.975        	-1.243407e-02	1.843413e+01	3.871073e-03	-1.049854e-02	1.436961e-02
33            	-1.223125e-02	1.842832e+01	3.838060e-03	-1.031222e-02	1.415028e-02
33.025        	-1.252958e-02	1.842237e+01	3.960662e-03	-1.054925e-02	1.450991e-02
33.05         	-1.233565e-02	1.841655e+01	3.798139e-03	-1.043658e-02	1.423472e-02
33.075        	-1.240968e-02	1.841063e+01	3.964645e-03	-1.042736e-02	1.439201e-02
33.1          	-1.242952e-02	1.840466e+01	3.787257e-03	-1.053589e-02	1.432315e-02
33.125        	-1.235474e-02	1.839871e+01	3.887846e-03	-1.041082e-02	1.429866e-02
33.15         	-1.249551e-02	1.839281e+01	3.848332e-03	-1.057135e-02	1.441968e-02
33.175        	-1.242765e-02	1.838688e+01	3.909722e-03	-1.047279e-02	1.438251e-02
33.2          	-1.245669e-02	1.838099e+01	3.871040e-03	-1.052117e-02	1.439221e-02
33.225        	-1.240933e-02	1.837522e+01	3.844767e-03	-1.048694e-02	1.433171e-02
33.25         	-1.254774e-02	1.836917e+01	3.934296e-03	-1.058059e-02	1.451488e-02
33.275        	-1.247621e-02	1.836338e+01	3.854062e-03	-1.054918e-02	1.440324e-02
33.3          	-1.241484e-02	1.835743e+01	3.861213e-03	-1.048424e-02	1.434545e-02
33.325        	-1.248531e-02	1.835161e+01	3.868311e-03	-1.055115e-02	1.441946e-02
33.35         	-1.242942e-02	1.834571e+01	3.842667e-03	-1.050808e-02	1.435075e-02
33.375        	-1.254492e-02	1.833999e+01	3.938209e-03	-1.057582e-02	1.451403e-02
33.4          	-1.260825e-02	1.833413e+01	3.896830e-03	-1.065984e-02	1.455667e-02
33.425        	-1.256072e-02	1.832833e+01	3.895665e-03	-1.061289e-02	1.450855e-02
33.45         	-1.252357e-02	1.832252e+01	3.867132e-03	-1.059001e-02	1.445714e-02
33.475        	-1.255459e-02	1.831667e+01	3.885494e-03	-1.061184e-02	1.449734e-02
33.5          	-1.257773e-02	1.831098e+01	3.877675e-03	-1.063889e-02	1.451656e-02
33.525        	-1.246252e-02	1.830513e+01	3.849665e-03	-1.053769e-02	1.438735e-02
33.55         	-1.248375e-02	1.829950e+01	3.882386e-03	-1.054256e-02	1.442494e-02
33.575        	-1.253845e-02	1.829363e+01	3.831286e-03	-1.062281e-02	1.445409e-02
33.6          	-1.254105e-02	1.828794e+01	3.844861e-03	-1.061862e-02	1.446348e-02
33.625        	-1.263368e-02	1.828206e+01	3.932974e-03	-1.066720e-02	1.460017e-02
33.65         	-1.252089e-02	1.827634e+01	3.793830e-03	-1.062397e-02	1.441780e-02
33.675        	-1.271565e-02	1.827071e+01	4.031230e-03	-1.070003e-02	1.473126e-02
33.7          	-1.257174e-02	1.826487e+01	3.753318e-03	-1.069508e-02	1.444839e-02
33.725        	-1.269286e-02	1.825926e+01	4.005200e-03	-1.069026e-02	1.469546e-02
33.75         	-1.253801e-02	1.825345e+01	3.745437e-03	-1.066529e-02	1.441072e-02
33.775        	-1.269110e-02	1.824785e+01	3.986658e-03	-1.069777e-02	1.468443e-02
33.8          	-1.271125e-02	1.824217e+01	3.873075e-03	-1.077471e-02	1.464779e-02
33.825        	-1.250750e-02	1.823658e+01	3.848510e-03	-1.058324e-02	1.443175e-02
33.85         	-1.265753e-02	1.823103e+01	3.917264e-03	-1.069890e-02	1.461616e-02
33.875        	-1.281499e-02	1.822548e+01	3.950657e-03	-1.083967e-02	1.479032e-02
33.9          	-1.260818e-02	1.821984e+01	3.823709e-03	-1.069632e-02	1.452003e-02
33.925        	-1.276244e-02	1.821433e+01	3.944051e-03	-1.079041e-02	1.473446e-02
33.95         	-1.261826e-02	1.820863e+01	3.800129e-03	-1.071819e-02	1.451832e-02
33.975        	-1.272191e-02	1.820309e+01	3.932039e-03	-1.075589e-02	1.468793e-02
34            	-1.278528e-02	1.819756e+01	3.883334e-03	-1.084361e-02	1.472694e-02
34.025        	-1.278729e-02	1.819196e+01	3.919128e-03	-1.082773e-02	1.474685e-02
34.05         	-1.280884e-02	1.818649e+01	3.913073e-03	-1.085230e-02	1.476538e-02
34.075        	-1.270507e-02	1.818101e+01	3.875270e-03	-1.076743e-02	1.464270e-02
34.1          	-1.272068e-02	1.817558e+01	3.891054e-03	-1.077516e-02	1.466621e-02
34.125        	-1.277251e-02	1.817010e+01	3.887748e-03	-1.082864e-02	1.471639e-02
34.15         	-1.281485e-02	1.816468e+01	3.917062e-03	-1.085632e-02	1.477338e-02
34.175        	-1.280283e-02	1.815930e+01	3.913386e-03	-1.084613e-02	1.475952e-02
34.2          	-1.279396e-02	1.815377e+01	3.866773e-03	-1.086057e-02	1.472734e-02
34.225        	-1.283233e-02	1.814838e+01	3.903814e-03	-1.088042e-02	1.478424e-02
34.25         	-1.289597e-02	1.814296e+01	3.923068e-03	-1.093444e-02	1.485750e-02
34.275        	-1.274230e-02	1.813761e+01	3.872390e-03	-1.080610e-02	1.467849e-02
34.3          	-1.291078e-02	1.813231e+01	3.958510e-03	-1.093153e-02	1.489004e-02
34.325        	-1.281196e-02	1.812695e+01	3.863018e-03	-1.088045e-02	1.474347e-02
34.35         	-1.293750e-02	1.812166e+01	3.942893e-03	-1.096605e-02	1.490895e-02
34.375        	-1.280655e-02	1.811636e+01	3.881803e-03	-1.086564e-02	1.474745e-02
34.4          	-1.290917e-02	1.811118e+01	3.902514e-03	-1.095791e-02	1.486042e-02
34.425        	-1.277093e-02	1.810589e+01	3.843657e-03	-1.084910e-02	1.469276e-02
34.45         	-1.290676e-02	1.810067e+01	3.926431e-03	-1.094354e-02	1.486997e-02
34.475        	-1.285243e-02	1.809548e+01	3.858451e-03	-1.092320e-02	1.478165e-02
34.5          	-1.292281e-02	1.809027e+01	3.938340e-03	-1.095364e-02	1.489198e-02
34.525        	-1.287820e-02	1.808509e+01	3.855705e-03	-1.095034e-02	1.480605e-02
34.55         	-1.294958e-02	1.807997e+01	3.947297e-03	-1.097593e-02	1.492323e-02
34.575        	-1.297162e-02	1.807479e+01	3.907395e-03	-1.101792e-02	1.492532e-02
34.6          	-1.288862e-02	1.806970e+01	3.922006e-03	-1.092761e-02	1.484962e-02
34.625        	-1.296699e-02	1.806459e+01	3.894148e-03	-1.101991e-02	1.491406e-02
34.65         	-1.293480e-02	1.805951e+01	3.937388e-03	-1.096611e-02	1.490350e-02
34.675        	-1.298780e-02	1.805449e+01	3.907223e-03	-1.103419e-02	1.494141e-02
34.7          	-1.298524e-02	1.804940e+01	3.894041e-03	-1.103822e-02	1.493226e-02
34.725        	-1.291523e-02	1.804434e+01	3.918424e-03	-1.095602e-02	1.487444e-02
34.75         	-1.314052e-02	1.803928e+01	3.975707e-03	-1.115267e-02	1.512837e-02
34.775        	-1.300351e-02	1.803430e+01	3.858620e-03	-1.107420e-02	1.493282e-02
34.8          	-1.313140e-02	1.802937e+01	4.005147e-03	-1.112883e-02	1.513398e-02
34.825        	-1.308047e-02	1.802420e+01	3.871329e-03	-1.114481e-02	1.501614e-02
34.85         	-1.304970e-02	1.801946e+01	3.969605e-03	-1.106489e-02	1.503450e-02
34.875        	-1.306360e-02	1.801442e+01	3.891942e-03	-1.111763e-02	1.500957e-02
34.9          	-1.301615e-02	1.800948e+01	3.908233e-03	-1.106203e-02	1.497026e-02
34.925        	-1.304230e-02	1.800457e+01	3.907116e-03	-1.108874e-02	1.499586e-02
34.95         	-1.310911e-02	1.799976e+01	3.909118e-03	-1.115455e-02	1.506367e-02
34.975        	-1.323751e-02	1.799490e+01	4.004680e-03	-1.123517e-02	1.523985e-02
35            	-1.312891e-02	1.799010e+01	3.920234e-03	-1.116879e-02	1.508903e-02
35.025        	-1.308877e-02	1.798539e+01	3.943206e-03	-1.111717e-02	1.506038e-02
35.05         	-1.311167e-02	1.798066e+01	3.914988e-03	-1.115417e-02	1.506916e-02
35.075        	-1.306905e-02	1.797584e+01	3.903720e-03	-1.111719e-02	1.502091e-02
35.1          	-1.312043e-02	1.797117e+01	3.902497e-03	-1.116918e-02	1.507168e-02
35.125        	-1.307998e-02	1.796641e+01	3.915165e-03	-1.112240e-02	1.503757e-02
35.15         	-1.315190e-02	1.796183e+01	3.895453e-03	-1.120417e-02	1.509963e-02
35.175        	-1.309047e-02	1.795702e+01	3.927599e-03	-1.112667e-02	1.505427e-02
35.2          	-1.318106e-02	1.795248e+01	3.874318e-03	-1.124390e-02	1.511821e-02
35.225        	-1.319809e-02	1.794780e+01	3.958649e-03	-1.121876e-02	1.517741e-02
35.25         	-1.321636e-02	1.794320e+01	3.926340e-03	-1.125319e-02	1.517953e-02
35.275        	-1.314771e-02	1.793866e+01	3.918529e-03	-1.118844e-02	1.510697e-02
35.3          	-1.319087e-02	1.793404e+01	3.916052e-03	-1.123284e-02	1.514889e-02
35.325        	-1.319764e-02	1.792954e+01	3.925043e-03	-1.123512e-02	1.516016e-02
35.35         	-1.318693e-02	1.792499e+01	3.910483e-03	-1.123169e-02	1.514217e-02
35.375        	-1.315665e-02	1.792050e+01	3.907792e-03	-1.120275e-02	1.511054e-02
35.4          	-1.327498e-02	1.791600e+01	3.977457e-03	-1.128625e-02	1.526371e-02
35.425        	-1.325194e-02	1.791160e+01	3.941844e-03	-1.128101e-02	1.522286e-02
35.45         	-1.333101e-02	1.790715e+01	3.959146e-03	-1.135143e-02	1.531058e-02
35.475        	-1.323702e-02	1.790268e+01	3.916018e-03	-1.127901e-02	1.519503e-02
35.5          	-1.329610e-02	1.789826e+01	3.934933e-03	-1.132863e-02	1.526357e-02
35.525        	-1.327415e-02	1.789386e+01	3.912140e-03	-1.131808e-02	1.523022e-02
35.55         	-1.337719e-02	1.788948e+01	3.986549e-03	-1.138391e-02	1.537046e-02
35.575        	-1.337351e-02	1.788511e+01	3.959161e-03	-1.139393e-02	1.535309e-02
35.6          	-1.335190e-02	1.788077e+01	3.984180e-03	-1.135981e-02	1.534399e-02
35.625        	-1.337113e-02	1.787661e+01	3.899251e-03	-1.142151e-02	1.532076e-02
35.65         	-1.331042e-02	1.787222e+01	3.995424e-03	-1.131271e-02	1.530813e-02
35.675        	-1.335287e-02	1.786807e+01	3.883905e-03	-1.141091e-02	1.529482e-02
35.7          	-1.328514e-02	1.786375e+01	3.973620e-03	-1.129833e-02	1.527195e-02
35.725        	-1.331419e-02	1.785962e+01	3.870087e-03	-1.137915e-02	1.524923e-02
35.75         	-1.333617e-02	1.785542e+01	3.965724e-03	-1.135331e-02	1.531904e-02
35.775        	-1.338635e-02	1.785122e+01	3.914748e-03	-1.142898e-02	1.534373e-02
35.8          	-1.339711e-02	1.784707e+01	3.956523e-03	-1.141885e-02	1.537537e-02
35.825        	-1.342784e-02	1.784289e+01	3.938687e-03	-1.145850e-02	1.539719e-02
35.85         	-1.335200e-02	1.783872e+01	3.918843e-03	-1.139258e-02	1.531142e-02
35.875        	-1.344540e-02	1.783461e+01	3.963642e-03	-1.146358e-02	1.542722e-02
35.9          	-1.333845e-02	1.783051e+01	3.908573e-03	-1.138417e-02	1.529274e-02
35.925        	-1.350446e-02	1.782664e+01	3.997669e-03	-1.150562e-02	1.550329e-02
35.95         	-1.355743e-02	1.782254e+01	4.006613e-03	-1.155412e-02	1.556073e-02
35.975        	-1.353710e-02	1.781857e+01	3.989415e-03	-1.154239e-02	1.553180e-02
36            	-1.344457e-02	1.781464e+01	3.936848e-03	-1.147615e-02	1.541300e-02
36.025        	-1.347588e-02	1.781063e+01	3.948478e-03	-1.150164e-02	1.545012e-02
36.05         	-1.343123e-02	1.780665e+01	3.923233e-03	-1.146961e-02	1.539285e-02
36.075        	-1.348083e-02	1.780271e+01	3.948804e-03	-1.150643e-02	1.545523e-02
36.1          	-1.353227e-02	1.779881e+01	3.991764e-03	-1.153639e-02	1.552815e-02
36.125        	-1.357110e-02	1.779490e+01	3.992599e-03	-1.157480e-02	1.556740e-02
36.15         	-1.349775e-02	1.779108e+01	3.933978e-03	-1.153076e-02	1.546474e-02
36.175        	-1.355110e-02	1.778720e+01	3.973358e-03	-1.156442e-02	1.553778e-02
36.2          	-1.349258e-02	1.778337e+01	3.920418e-03	-1.153237e-02	1.545279e-02
36.225        	-1.355908e-02	1.777949e+01	3.968306e-03	-1.157493e-02	1.554323e-02
36.25         	-1.358798e-02	1.777571e+01	3.956144e-03	-1.160991e-02	1.556605e-02
36.275        	-1.355076e-02	1.777184e+01	3.998364e-03	-1.155157e-02	1.554994e-02
36.3          	-1.360181e-02	1.776817e+01	3.935311e-03	-1.163415e-02	1.556946e-02
36.325        	-1.360564e-02	1.776443e+01	3.986664e-03	-1.161231e-02	1.559897e-02
36.35         	-1.369079e-02	1.776071e+01	4.021429e-03	-1.168007e-02	1.570150e-02
36.375        	-1.371761e-02	1.775692e+01	4.024553e-03	-1.170533e-02	1.572989e-02
36.4          	-1.365830e-02	1.775340e+01	3.958003e-03	-1.167930e-02	1.563730e-02
36.425        	-1.365537e-02	1.774973e+01	3.981998e-03	-1.166437e-02	1.564637e-02
36.45         	-1.364848e-02	1.774611e+01	3.966476e-03	-1.166524e-02	1.563172e-02
36.475        	-1.368400e-02	1.774248e+01	3.984290e-03	-1.169186e-02	1.567615e-02
36.5          	-1.366268e-02	1.773884e+01	3.974237e-03	-1.167557e-02	1.564980e-02
36.525        	-1.364892e-02	1.773530e+01	3.964743e-03	-1.166655e-02	1.563130e-02
36.55         	-1.366997e-02	1.773173e+01	3.970307e-03	-1.168482e-02	1.565513e-02
36.575        	-1.366103e-02	1.772816e+01	3.962147e-03	-1.167996e-02	1.564210e-02
36.6          	-1.368586e-02	1.772466e+01	3.982185e-03	-1.169477e-02	1.567695e-02
36.625        	-1.369985e-02	1.772113e+01	3.966296e-03	-1.171670e-02	1.568300e-02
36.65         	-1.376596e-02	1.771768e+01	4.004504e-03	-1.176371e-02	1.576822e-02
36.675        	-1.383812e-02	1.771415e+01	4.026503e-03	-1.182487e-02	1.585137e-02
36.7          	-1.378205e-02	1.771070e+01	4.010102e-03	-1.177700e-02	1.578711e-02
36.725        	-1.373773e-02	1.770731e+01	3.973022e-03	-1.175122e-02	1.572424e-02
36.75         	-1.376463e-02	1.770389e+01	3.992433e-03	-1.176842e-02	1.576085e-02
36.775        	-1.377452e-02	1.770046e+01	3.963657e-03	-1.179269e-02	1.575635e-02
36.8          	-1.378117e-02	1.769703e+01	3.998626e-03	-1.178185e-02	1.578048e-02
36.825        	-1.379006e-02	1.769362e+01	3.973859e-03	-1.180313e-02	1.577699e-02
36.85         	-1.377934e-02	1.769027e+01	3.997064e-03	-1.178081e-02	1.577787e-02
36.875        	-1.381872e-02	1.768691e+01	3.990710e-03	-1.182337e-02	1.581408e-02
36.9          	-1.380285e-02	1.768364e+01	3.993643e-03	-1.180603e-02	1.579967e-02
36.925        	-1.387312e-02	1.768030e+01	4.008985e-03	-1.186863e-02	1.587761e-02
36.95         	-1.384954e-02	1.767705e+01	4.004364e-03	-1.184736e-02	1.585172e-02
36.975        	-1.384330e-02	1.767377e+01	3.993453e-03	-1.184658e-02	1.584003e-02
37            	-1.383700e-02	1.767051e+01	3.987701e-03	-1.184315e-02	1.583085e-02
37.025        	-1.381276e-02	1.766738e+01	3.992703e-03	-1.181641e-02	1.580911e-02
37.05         	-1.393256e-02	1.766417e+01	4.019315e-03	-1.192290e-02	1.594222e-02
37.075        	-1.392365e-02	1.766092e+01	4.011190e-03	-1.191805e-02	1.592924e-02
37.1          	-1.395817e-02	1.765769e+01	4.028289e-03	-1.194403e-02	1.597232e-02
37.125        	-1.389867e-02	1.765457e+01	4.003506e-03	-1.189692e-02	1.590043e-02
37.15         	-1.396297e-02	1.765134e+01	4.016735e-03	-1.195461e-02	1.597134e-02
37.175        	-1.396135e-02	1.764827e+01	4.010323e-03	-1.195619e-02	1.596651e-02
37.2          	-1.398382e-02	1.764507e+01	4.023684e-03	-1.197198e-02	1.599566e-02
37.225        	-1.394112e-02	1.764198e+01	4.003304e-03	-1.193947e-02	1.594278e-02
37.25         	-1.395601e-02	1.763888e+01	4.013179e-03	-1.194942e-02	1.596260e-02
37.275        	-1.393052e-02	1.763574e+01	3.980591e-03	-1.194023e-02	1.592082e-02
37.3          	-1.400294e-02	1.763275e+01	4.031779e-03	-1.198705e-02	1.601883e-02
37.325        	-1.401993e-02	1.762968e+01	4.023257e-03	-1.200830e-02	1.603155e-02
37.35         	-1.405129e-02	1.762662e+01	4.052841e-03	-1.202487e-02	1.607771e-02
37.375        	-1.397907e-02	1.762360e+01	4.004127e-03	-1.197701e-02	1.598114e-02
37.4          	-1.402292e-02	1.762070e+01	4.020546e-03	-1.201264e-02	1.603319e-02
37.425        	-1.403543e-02	1.761774e+01	4.026689e-03	-1.202208e-02	1.604877e-02
37.45         	-1.410922e-02	1.761462e+01	4.029436e-03	-1.209451e-02	1.612394e-02
37.475        	-1.412610e-02	1.761167e+01	4.058661e-03	-1.209677e-02	1.615543e-02
37.5          	-1.407680e-02	1.760868e+01	4.025070e-03	-1.206427e-02	1.608934e-02
37.525        	-1.410736e-02	1.760576e+01	4.054275e-03	-1.208022e-02	1.613450e-02
37.55         	-1.414546e-02	1.760277e+01	4.044715e-03	-1.212310e-02	1.616781e-02
37.575        	-1.411172e-02	1.759975e+01	4.070151e-03	-1.207665e-02	1.614680e-02
37.6          	-1.423102e-02	1.759704e+01	4.046936e-03	-1.220755e-02	1.625449e-02
37.625        	-1.419299e-02	1.759411e+01	4.057694e-03	-1.216414e-02	1.622184e-02
37.65         	-1.423085e-02	1.759127e+01	4.061914e-03	-1.219989e-02	1.626181e-02
37.675        	-1.418925e-02	1.758855e+01	4.035929e-03	-1.217128e-02	1.620721e-02
37.7          	-1.406815e-02	1.758570e+01	4.041146e-03	-1.204757e-02	1.608872e-02
37.725        	-1.417973e-02	1.758293e+01	4.058300e-03	-1.215058e-02	1.620888e-02
37.75         	-1.409889e-02	1.758008e+01	4.021284e-03	-1.208825e-02	1.610953e-02
37.775        	-1.418071e-02	1.757732e+01	4.049642e-03	-1.215589e-02	1.620553e-02
37.8          	-1.416485e-02	1.757452e+01	4.027484e-03	-1.215111e-02	1.617859e-02
37.825        	-1.413361e-02	1.757175e+01	4.030244e-03	-1.211848e-02	1.614873e-02
37.85         	-1.416116e-02	1.756895e+01	4.027712e-03	-1.214730e-02	1.617502e-02
37.875        	-1.419100e-02	1.756624e+01	4.043086e-03	-1.216946e-02	1.621254e-02
37.9          	-1.427888e-02	1.756348e+01	4.069002e-03	-1.224438e-02	1.631338e-02
37.925        	-1.426494e-02	1.756076e+01	4.061897e-03	-1.223399e-02	1.629589e-02
37.95         	-1.434801e-02	1.755807e+01	4.108407e-03	-1.229381e-02	1.640221e-02
37.975        	-1.422405e-02	1.755541e+01	4.029219e-03	-1.220944e-02	1.623866e-02
38            	-1.434628e-02	1.755268e+01	4.095781e-03	-1.229839e-02	1.639417e-02
38.025        	-1.424536e-02	1.755004e+01	4.037625e-03	-1.222655e-02	1.626417e-02
38.05         	-1.426597e-02	1.754731e+01	4.067317e-03	-1.223231e-02	1.629963e-02
38.075        	-1.428872e-02	1.754469e+01	4.044086e-03	-1.226667e-02	1.631076e-02
38.1          	-1.431970e-02	1.754194e+01	4.067866e-03	-1.228577e-02	1.635363e-02
38.125        	-1.429782e-02	1.753931e+01	4.067360e-03	-1.226414e-02	1.633150e-02
38.15         	-1.434306e-02	1.753667e+01	4.061598e-03	-1.231226e-02	1.637386e-02
38.175        	-1.428962e-02	1.753400e+01	4.059744e-03	-1.225975e-02	1.631950e-02
38.2          	-1.442215e-02	1.753137e+01	4.110668e-03	-1.236681e-02	1.647748e-02
38.225        	-1.449883e-02	1.752886e+01	4.065201e-03	-1.246623e-02	1.653143e-02
