# Force coefficients
# liftDir     : (0.000000e+00 1.000000e+00 0.000000e+00)
# dragDir     : (1.000000e+00 0.000000e+00 0.000000e+00)
# pitchAxis   : (0.000000e+00 0.000000e+00 1.000000e+00)
# magUInf     : 1.000000e+00
# lRef        : 1.000000e+00
# Aref        : 2.000000e+00
# CofR        : (0.000000e+00 0.000000e+00 0.000000e+00)
#
# Time        	Cm            	Cd            	Cl            	Cl(f)         	Cl(r)         
29.025        	1.187426e-05	1.188732e+00	-2.568530e-04	-1.165522e-04	-1.403008e-04
29.05         	1.183649e-05	1.188693e+00	-2.603704e-04	-1.183487e-04	-1.420217e-04
29.075        	1.180011e-05	1.188598e+00	-2.613806e-04	-1.188902e-04	-1.424904e-04
29.1          	1.175897e-05	1.188537e+00	-2.611509e-04	-1.188165e-04	-1.423344e-04
29.125        	1.171706e-05	1.188477e+00	-2.653409e-04	-1.209534e-04	-1.443875e-04
29.15         	1.167825e-05	1.188415e+00	-2.717820e-04	-1.242127e-04	-1.475692e-04
29.175        	1.162898e-05	1.188343e+00	-2.720039e-04	-1.243730e-04	-1.476309e-04
29.2          	1.158167e-05	1.188272e+00	-2.772430e-04	-1.270399e-04	-1.502032e-04
29.225        	1.153359e-05	1.188203e+00	-2.797124e-04	-1.283226e-04	-1.513898e-04
29.25         	1.148320e-05	1.188131e+00	-2.826851e-04	-1.298593e-04	-1.528257e-04
29.275        	1.143197e-05	1.188063e+00	-2.853191e-04	-1.312276e-04	-1.540915e-04
29.3          	1.137961e-05	1.187992e+00	-2.880909e-04	-1.326658e-04	-1.554251e-04
29.325        	1.132577e-05	1.187922e+00	-2.903981e-04	-1.338733e-04	-1.565248e-04
29.35         	1.127148e-05	1.187854e+00	-2.939648e-04	-1.357109e-04	-1.582539e-04
29.375        	1.121569e-05	1.187784e+00	-2.961996e-04	-1.368841e-04	-1.593155e-04
29.4          	1.115827e-05	1.187715e+00	-2.989929e-04	-1.383382e-04	-1.606547e-04
29.425        	1.109980e-05	1.187645e+00	-3.013021e-04	-1.395513e-04	-1.617509e-04
29.45         	1.103923e-05	1.187576e+00	-3.035053e-04	-1.407134e-04	-1.627919e-04
29.475        	1.097864e-05	1.187507e+00	-3.064995e-04	-1.422711e-04	-1.642284e-04
29.5          	1.091699e-05	1.187436e+00	-3.092987e-04	-1.437324e-04	-1.655663e-04
29.525        	1.085141e-05	1.187368e+00	-3.103402e-04	-1.443187e-04	-1.660215e-04
29.55         	1.078627e-05	1.187300e+00	-3.139335e-04	-1.461805e-04	-1.677530e-04
29.575        	1.071912e-05	1.187231e+00	-3.153627e-04	-1.469622e-04	-1.684005e-04
29.6          	1.065138e-05	1.187163e+00	-3.179296e-04	-1.483134e-04	-1.696162e-04
29.625        	1.058284e-05	1.187094e+00	-3.206902e-04	-1.497623e-04	-1.709279e-04
29.65         	1.051133e-05	1.187026e+00	-3.218662e-04	-1.504218e-04	-1.714444e-04
29.675        	1.044010e-05	1.186958e+00	-3.251006e-04	-1.521102e-04	-1.729904e-04
29.7          	1.036634e-05	1.186890e+00	-3.263627e-04	-1.528150e-04	-1.735477e-04
29.725        	1.029206e-05	1.186822e+00	-3.293136e-04	-1.543648e-04	-1.749489e-04
29.75         	1.021680e-05	1.186753e+00	-3.317049e-04	-1.556357e-04	-1.760693e-04
29.775        	1.013675e-05	1.186685e+00	-3.316590e-04	-1.556928e-04	-1.759663e-04
29.8          	1.006001e-05	1.186618e+00	-3.358234e-04	-1.578517e-04	-1.779717e-04
29.825        	9.979254e-06	1.186550e+00	-3.363058e-04	-1.581736e-04	-1.781322e-04
29.85         	9.898436e-06	1.186484e+00	-3.393635e-04	-1.597833e-04	-1.795802e-04
29.875        	9.817572e-06	1.186415e+00	-3.420455e-04	-1.612052e-04	-1.808403e-04
29.9          	9.729238e-06	1.186348e+00	-3.405556e-04	-1.605486e-04	-1.800070e-04
29.925        	9.645690e-06	1.186282e+00	-3.454161e-04	-1.630624e-04	-1.823537e-04
29.95         	9.558747e-06	1.186214e+00	-3.453515e-04	-1.631170e-04	-1.822345e-04
29.975        	9.470676e-06	1.186148e+00	-3.479721e-04	-1.645154e-04	-1.834567e-04
30            	9.383151e-06	1.186080e+00	-3.504165e-04	-1.658251e-04	-1.845914e-04
30.025        	9.289174e-06	1.186013e+00	-3.492114e-04	-1.653165e-04	-1.838949e-04
30.05         	9.198528e-06	1.185947e+00	-3.530085e-04	-1.673057e-04	-1.857028e-04
30.075        	9.105326e-06	1.185880e+00	-3.529380e-04	-1.673637e-04	-1.855743e-04
30.1          	9.012566e-06	1.185814e+00	-3.560924e-04	-1.690337e-04	-1.870588e-04
30.125        	8.918266e-06	1.185748e+00	-3.581098e-04	-1.701367e-04	-1.879732e-04
30.15         	8.818444e-06	1.185681e+00	-3.568465e-04	-1.696048e-04	-1.872417e-04
30.175        	8.722592e-06	1.185615e+00	-3.609367e-04	-1.717458e-04	-1.891910e-04
30.2          	8.622983e-06	1.185549e+00	-3.604325e-04	-1.715933e-04	-1.888392e-04
30.225        	8.523401e-06	1.185484e+00	-3.628177e-04	-1.728854e-04	-1.899322e-04
30.25         	8.424650e-06	1.185417e+00	-3.652426e-04	-1.741967e-04	-1.910460e-04
30.275        	8.318358e-06	1.185351e+00	-3.630677e-04	-1.732155e-04	-1.898522e-04
30.3          	8.216586e-06	1.185287e+00	-3.671495e-04	-1.753582e-04	-1.917914e-04
30.325        	8.111748e-06	1.185221e+00	-3.668124e-04	-1.752945e-04	-1.915180e-04
30.35         	8.006316e-06	1.185156e+00	-3.689393e-04	-1.764633e-04	-1.924759e-04
30.375        	7.900868e-06	1.185090e+00	-3.708729e-04	-1.775356e-04	-1.933373e-04
30.4          	7.789431e-06	1.185024e+00	-3.688820e-04	-1.766515e-04	-1.922304e-04
30.425        	7.682361e-06	1.184961e+00	-3.726330e-04	-1.786342e-04	-1.939989e-04
30.45         	7.571789e-06	1.184895e+00	-3.717905e-04	-1.783234e-04	-1.934670e-04
30.475        	7.461160e-06	1.184831e+00	-3.737271e-04	-1.794024e-04	-1.943247e-04
30.5          	7.350367e-06	1.184765e+00	-3.754213e-04	-1.803603e-04	-1.950610e-04
30.525        	7.233593e-06	1.184700e+00	-3.729761e-04	-1.792545e-04	-1.937216e-04
30.55         	7.121572e-06	1.184636e+00	-3.768050e-04	-1.812809e-04	-1.955241e-04
30.575        	7.006176e-06	1.184571e+00	-3.755339e-04	-1.807608e-04	-1.947731e-04
30.6          	6.890917e-06	1.184508e+00	-3.775585e-04	-1.818883e-04	-1.956702e-04
30.625        	6.773869e-06	1.184443e+00	-3.777284e-04	-1.820904e-04	-1.956381e-04
30.65         	6.656807e-06	1.184378e+00	-3.794609e-04	-1.830736e-04	-1.963872e-04
30.675        	6.534607e-06	1.184314e+00	-3.769036e-04	-1.819172e-04	-1.949864e-04
30.7          	6.417234e-06	1.184251e+00	-3.803653e-04	-1.837654e-04	-1.965999e-04
30.725        	6.295900e-06	1.184186e+00	-3.788617e-04	-1.831350e-04	-1.957268e-04
30.75         	6.174967e-06	1.184124e+00	-3.806674e-04	-1.841587e-04	-1.965086e-04
30.775        	6.054252e-06	1.184059e+00	-3.820722e-04	-1.849818e-04	-1.970903e-04
30.8          	5.926834e-06	1.183995e+00	-3.787480e-04	-1.834472e-04	-1.953008e-04
30.825        	5.804333e-06	1.183933e+00	-3.816332e-04	-1.850123e-04	-1.966209e-04
30.85         	5.679837e-06	1.183868e+00	-3.808006e-04	-1.847204e-04	-1.960801e-04
30.875        	5.554503e-06	1.183806e+00	-3.817617e-04	-1.853263e-04	-1.964354e-04
30.9          	5.428168e-06	1.183742e+00	-3.817611e-04	-1.854524e-04	-1.963087e-04
30.925        	5.301802e-06	1.183679e+00	-3.827604e-04	-1.860784e-04	-1.966820e-04
30.95         	5.170936e-06	1.183616e+00	-3.802797e-04	-1.849689e-04	-1.953108e-04
30.975        	5.044005e-06	1.183554e+00	-3.828191e-04	-1.863656e-04	-1.964536e-04
31            	4.913727e-06	1.183490e+00	-3.809936e-04	-1.855831e-04	-1.954105e-04
31.025        	4.783977e-06	1.183428e+00	-3.820757e-04	-1.862539e-04	-1.958218e-04
31.05         	4.654450e-06	1.183365e+00	-3.828706e-04	-1.867808e-04	-1.960897e-04
31.075        	4.519347e-06	1.183302e+00	-3.793949e-04	-1.851781e-04	-1.942168e-04
31.1          	4.389544e-06	1.183241e+00	-3.823997e-04	-1.868103e-04	-1.955894e-04
31.125        	4.256119e-06	1.183178e+00	-3.803059e-04	-1.858968e-04	-1.944091e-04
31.15         	4.122856e-06	1.183116e+00	-3.809959e-04	-1.863751e-04	-1.946208e-04
31.175        	3.988421e-06	1.183054e+00	-3.802008e-04	-1.861120e-04	-1.940888e-04
31.2          	3.854625e-06	1.182992e+00	-3.806889e-04	-1.864898e-04	-1.941991e-04
31.225        	3.718030e-06	1.182930e+00	-3.789631e-04	-1.857635e-04	-1.931996e-04
31.25         	3.582489e-06	1.182868e+00	-3.793285e-04	-1.860818e-04	-1.932467e-04
31.275        	3.446157e-06	1.182806e+00	-3.784891e-04	-1.857984e-04	-1.926907e-04
31.3          	3.309290e-06	1.182744e+00	-3.781419e-04	-1.857617e-04	-1.923803e-04
31.325        	3.171390e-06	1.182683e+00	-3.771171e-04	-1.853872e-04	-1.917299e-04
31.35         	3.033594e-06	1.182621e+00	-3.767171e-04	-1.853249e-04	-1.913921e-04
31.375        	2.894955e-06	1.182560e+00	-3.759251e-04	-1.850676e-04	-1.908575e-04
31.4          	2.755687e-06	1.182499e+00	-3.751472e-04	-1.848179e-04	-1.903293e-04
31.425        	2.616153e-06	1.182438e+00	-3.742148e-04	-1.844912e-04	-1.897235e-04
31.45         	2.476288e-06	1.182376e+00	-3.735150e-04	-1.842812e-04	-1.892338e-04
31.475        	2.336127e-06	1.182315e+00	-3.727438e-04	-1.840358e-04	-1.887080e-04
31.5          	2.195376e-06	1.182254e+00	-3.716903e-04	-1.836498e-04	-1.880405e-04
31.525        	2.054435e-06	1.182194e+00	-3.709244e-04	-1.834078e-04	-1.875167e-04
31.55         	1.912931e-06	1.182133e+00	-3.697985e-04	-1.829863e-04	-1.868122e-04
31.575        	1.770929e-06	1.182072e+00	-3.687137e-04	-1.825859e-04	-1.861278e-04
31.6          	1.628493e-06	1.182012e+00	-3.674295e-04	-1.820863e-04	-1.853433e-04
31.625        	1.485916e-06	1.181951e+00	-3.662627e-04	-1.816454e-04	-1.846173e-04
31.65         	1.343940e-06	1.181891e+00	-3.656838e-04	-1.814979e-04	-1.841858e-04
31.675        	1.200906e-06	1.181831e+00	-3.643791e-04	-1.809887e-04	-1.833905e-04
31.7          	1.056985e-06	1.181771e+00	-3.628657e-04	-1.803758e-04	-1.824898e-04
31.725        	9.135421e-07	1.181711e+00	-3.617771e-04	-1.799750e-04	-1.818021e-04
31.75         	7.694445e-07	1.181651e+00	-3.602742e-04	-1.793677e-04	-1.809065e-04
31.775        	6.252713e-07	1.181591e+00	-3.590017e-04	-1.788756e-04	-1.801261e-04
31.8          	4.810912e-07	1.181531e+00	-3.576366e-04	-1.783372e-04	-1.792994e-04
31.825        	3.366024e-07	1.181471e+00	-3.562017e-04	-1.777643e-04	-1.784375e-04
31.85         	1.916392e-07	1.181411e+00	-3.544518e-04	-1.770343e-04	-1.774175e-04
31.875        	4.635772e-08	1.181352e+00	-3.526463e-04	-1.762768e-04	-1.763695e-04
31.9          	-9.848896e-08	1.181293e+00	-3.511853e-04	-1.756911e-04	-1.754942e-04
31.925        	-2.435539e-07	1.181233e+00	-3.494568e-04	-1.749720e-04	-1.744849e-04
31.95         	-3.887096e-07	1.181174e+00	-3.477944e-04	-1.742859e-04	-1.735085e-04
31.975        	-5.340065e-07	1.181115e+00	-3.460079e-04	-1.735380e-04	-1.724700e-04
32            	-6.794370e-07	1.181056e+00	-3.442700e-04	-1.728144e-04	-1.714555e-04
32.025        	-8.251386e-07	1.180996e+00	-3.422916e-04	-1.719709e-04	-1.703207e-04
32.05         	-9.703665e-07	1.180938e+00	-3.406103e-04	-1.712755e-04	-1.693348e-04
32.075        	-1.116087e-06	1.180879e+00	-3.384470e-04	-1.703396e-04	-1.681074e-04
32.1          	-1.260820e-06	1.180820e+00	-3.370864e-04	-1.698040e-04	-1.672824e-04
32.125        	-1.406229e-06	1.180761e+00	-3.348906e-04	-1.688515e-04	-1.660391e-04
32.15         	-1.551552e-06	1.180703e+00	-3.331014e-04	-1.681023e-04	-1.649992e-04
32.175        	-1.697076e-06	1.180644e+00	-3.308532e-04	-1.671237e-04	-1.637295e-04
32.2          	-1.842345e-06	1.180586e+00	-3.288666e-04	-1.662757e-04	-1.625910e-04
32.225        	-1.987518e-06	1.180528e+00	-3.266637e-04	-1.653194e-04	-1.613443e-04
32.25         	-2.132606e-06	1.180469e+00	-3.244694e-04	-1.643673e-04	-1.601021e-04
32.275        	-2.277637e-06	1.180411e+00	-3.221797e-04	-1.633675e-04	-1.588122e-04
32.3          	-2.422708e-06	1.180353e+00	-3.197356e-04	-1.622905e-04	-1.574451e-04
32.325        	-2.567164e-06	1.180295e+00	-3.175041e-04	-1.613192e-04	-1.561849e-04
32.35         	-2.711354e-06	1.180237e+00	-3.153050e-04	-1.603639e-04	-1.549411e-04
32.375        	-2.855642e-06	1.180179e+00	-3.129079e-04	-1.593096e-04	-1.535983e-04
32.4          	-3.000055e-06	1.180121e+00	-3.102029e-04	-1.581015e-04	-1.521014e-04
32.425        	-3.143155e-06	1.180064e+00	-3.083909e-04	-1.573386e-04	-1.510523e-04
32.45         	-3.286818e-06	1.180007e+00	-3.056045e-04	-1.560891e-04	-1.495154e-04
32.475        	-3.429931e-06	1.179949e+00	-3.034280e-04	-1.551439e-04	-1.482840e-04
32.5          	-3.573390e-06	1.179891e+00	-3.004411e-04	-1.537940e-04	-1.466472e-04
32.525        	-3.716159e-06	1.179835e+00	-2.979859e-04	-1.527091e-04	-1.452768e-04
32.55         	-3.858744e-06	1.179777e+00	-2.952264e-04	-1.514719e-04	-1.437544e-04
32.575        	-4.000914e-06	1.179720e+00	-2.925780e-04	-1.502899e-04	-1.422881e-04
32.6          	-4.142572e-06	1.179663e+00	-2.899325e-04	-1.491088e-04	-1.408237e-04
32.625        	-4.284724e-06	1.179606e+00	-2.865794e-04	-1.475744e-04	-1.390050e-04
32.65         	-4.424883e-06	1.179549e+00	-2.845445e-04	-1.466971e-04	-1.378474e-04
32.675        	-4.565575e-06	1.179493e+00	-2.813606e-04	-1.452459e-04	-1.361147e-04
32.7          	-4.705797e-06	1.179436e+00	-2.786682e-04	-1.440399e-04	-1.346283e-04
32.725        	-4.845502e-06	1.179379e+00	-2.757228e-04	-1.427069e-04	-1.330159e-04
32.75         	-4.984899e-06	1.179323e+00	-2.728035e-04	-1.413867e-04	-1.314169e-04
32.775        	-5.123865e-06	1.179266e+00	-2.698160e-04	-1.400318e-04	-1.297841e-04
32.8          	-5.262314e-06	1.179210e+00	-2.668279e-04	-1.386763e-04	-1.281517e-04
32.825        	-5.400159e-06	1.179154e+00	-2.637360e-04	-1.372682e-04	-1.264678e-04
32.85         	-5.537453e-06	1.179097e+00	-2.606875e-04	-1.358812e-04	-1.248063e-04
32.875        	-5.674301e-06	1.179041e+00	-2.575903e-04	-1.344694e-04	-1.231208e-04
32.9          	-5.810619e-06	1.178985e+00	-2.544393e-04	-1.330303e-04	-1.214090e-04
32.925        	-5.946305e-06	1.178929e+00	-2.512246e-04	-1.315586e-04	-1.196660e-04
32.95         	-6.081114e-06	1.178873e+00	-2.481865e-04	-1.301744e-04	-1.180122e-04
32.975        	-6.215637e-06	1.178817e+00	-2.448133e-04	-1.286223e-04	-1.161910e-04
33            	-6.350130e-06	1.178761e+00	-2.411357e-04	-1.269180e-04	-1.142177e-04
33.025        	-6.482988e-06	1.178706e+00	-2.381837e-04	-1.255749e-04	-1.126089e-04
33.05         	-6.615816e-06	1.178650e+00	-2.345617e-04	-1.238966e-04	-1.106650e-04
33.075        	-6.747282e-06	1.178595e+00	-2.316671e-04	-1.225808e-04	-1.090863e-04
33.1          	-6.878596e-06	1.178540e+00	-2.280588e-04	-1.209080e-04	-1.071508e-04
33.125        	-7.009125e-06	1.178484e+00	-2.247387e-04	-1.193785e-04	-1.053602e-04
33.15         	-7.139113e-06	1.178429e+00	-2.210672e-04	-1.176727e-04	-1.033945e-04
33.175        	-7.268172e-06	1.178374e+00	-2.176976e-04	-1.161170e-04	-1.015806e-04
33.2          	-7.397088e-06	1.178318e+00	-2.137532e-04	-1.142737e-04	-9.947952e-05
33.225        	-7.524475e-06	1.178264e+00	-2.105097e-04	-1.127793e-04	-9.773040e-05
33.25         	-7.650641e-06	1.178209e+00	-2.072443e-04	-1.112728e-04	-9.597151e-05
33.275        	-7.776713e-06	1.178154e+00	-2.035592e-04	-1.095563e-04	-9.400288e-05
33.3          	-7.901915e-06	1.178099e+00	-2.000181e-04	-1.079110e-04	-9.210715e-05
33.325        	-8.026261e-06	1.178045e+00	-1.963696e-04	-1.062111e-04	-9.015854e-05
33.35         	-8.149971e-06	1.177990e+00	-1.926150e-04	-1.044575e-04	-8.815753e-05
33.375        	-8.272827e-06	1.177936e+00	-1.889395e-04	-1.027426e-04	-8.619691e-05
33.4          	-8.394758e-06	1.177881e+00	-1.850923e-04	-1.009409e-04	-8.415137e-05
33.425        	-8.515717e-06	1.177827e+00	-1.814197e-04	-9.922558e-05	-8.219414e-05
33.45         	-8.635935e-06	1.177772e+00	-1.774932e-04	-9.738252e-05	-8.011065e-05
33.475        	-8.754913e-06	1.177718e+00	-1.737977e-04	-9.565375e-05	-7.814392e-05
33.5          	-8.873213e-06	1.177664e+00	-1.698453e-04	-9.379584e-05	-7.604942e-05
33.525        	-8.990615e-06	1.177610e+00	-1.659816e-04	-9.198141e-05	-7.400018e-05
33.55         	-9.106892e-06	1.177556e+00	-1.621001e-04	-9.015695e-05	-7.194317e-05
33.575        	-9.222043e-06	1.177502e+00	-1.582051e-04	-8.832462e-05	-6.988053e-05
33.6          	-9.336444e-06	1.177448e+00	-1.542093e-04	-8.644110e-05	-6.776821e-05
33.625        	-9.449648e-06	1.177394e+00	-1.503838e-04	-8.464157e-05	-6.574228e-05
33.65         	-9.562365e-06	1.177341e+00	-1.460278e-04	-8.257628e-05	-6.345155e-05
33.675        	-9.673519e-06	1.177287e+00	-1.422746e-04	-8.081080e-05	-6.146376e-05
33.7          	-9.783743e-06	1.177234e+00	-1.381387e-04	-7.885310e-05	-5.928562e-05
33.725        	-9.893027e-06	1.177180e+00	-1.341300e-04	-7.695804e-05	-5.717199e-05
33.75         	-1.000144e-05	1.177127e+00	-1.298820e-04	-7.494243e-05	-5.493955e-05
33.775        	-1.010860e-05	1.177073e+00	-1.258054e-04	-7.301129e-05	-5.279408e-05
33.8          	-1.021402e-05	1.177020e+00	-1.218148e-04	-7.112140e-05	-5.069336e-05
33.825        	-1.031842e-05	1.176967e+00	-1.179168e-04	-6.927682e-05	-4.863998e-05
33.85         	-1.042214e-05	1.176914e+00	-1.137737e-04	-6.730898e-05	-4.646470e-05
33.875        	-1.052523e-05	1.176861e+00	-1.092688e-04	-6.515964e-05	-4.410918e-05
33.9          	-1.062651e-05	1.176808e+00	-1.052701e-04	-6.326156e-05	-4.200854e-05
33.925        	-1.072678e-05	1.176755e+00	-1.009408e-04	-6.119715e-05	-3.974360e-05
33.95         	-1.082606e-05	1.176703e+00	-9.664964e-05	-5.915088e-05	-3.749876e-05
33.975        	-1.092390e-05	1.176650e+00	-9.237860e-05	-5.711320e-05	-3.526540e-05
34            	-1.102060e-05	1.176597e+00	-8.790147e-05	-5.497134e-05	-3.293013e-05
34.025        	-1.111548e-05	1.176544e+00	-8.404902e-05	-5.313999e-05	-3.090903e-05
34.05         	-1.120975e-05	1.176492e+00	-7.945863e-05	-5.093906e-05	-2.851957e-05
34.075        	-1.130308e-05	1.176440e+00	-7.507450e-05	-4.884033e-05	-2.623417e-05
34.1          	-1.139404e-05	1.176387e+00	-7.124705e-05	-4.701756e-05	-2.422949e-05
34.125        	-1.148467e-05	1.176335e+00	-6.659899e-05	-4.478417e-05	-2.181482e-05
34.15         	-1.157372e-05	1.176283e+00	-6.246434e-05	-4.280589e-05	-1.965845e-05
34.175        	-1.166165e-05	1.176231e+00	-5.785510e-05	-4.058919e-05	-1.726590e-05
34.2          	-1.174810e-05	1.176179e+00	-5.360697e-05	-3.855158e-05	-1.505538e-05
34.225        	-1.183340e-05	1.176127e+00	-4.918714e-05	-3.642697e-05	-1.276016e-05
34.25         	-1.191709e-05	1.176075e+00	-4.488675e-05	-3.436046e-05	-1.052629e-05
34.275        	-1.199998e-05	1.176023e+00	-4.020765e-05	-3.210381e-05	-8.103844e-06
34.3          	-1.208118e-05	1.175971e+00	-3.574991e-05	-2.995613e-05	-5.793777e-06
34.325        	-1.216101e-05	1.175920e+00	-3.116662e-05	-2.774432e-05	-3.422297e-06
34.35         	-1.223955e-05	1.175868e+00	-2.669422e-05	-2.558666e-05	-1.107558e-06
34.375        	-1.231676e-05	1.175817e+00	-2.222734e-05	-2.343043e-05	1.203090e-06
34.4          	-1.239253e-05	1.175765e+00	-1.763650e-05	-2.121078e-05	3.574277e-06
34.425        	-1.246652e-05	1.175714e+00	-1.346246e-05	-1.919775e-05	5.735293e-06
34.45         	-1.253947e-05	1.175663e+00	-8.740237e-06	-1.690959e-05	8.169356e-06
34.475        	-1.261093e-05	1.175611e+00	-4.387440e-06	-1.480465e-05	1.041721e-05
34.5          	-1.268095e-05	1.175560e+00	2.947198e-07	-1.253359e-05	1.282831e-05
34.525        	-1.274939e-05	1.175509e+00	4.666914e-06	-1.041593e-05	1.508285e-05
34.55         	-1.281630e-05	1.175458e+00	9.089017e-06	-8.271787e-06	1.736080e-05
34.575        	-1.288197e-05	1.175407e+00	1.368329e-05	-6.040324e-06	1.972362e-05
34.6          	-1.294623e-05	1.175356e+00	1.818360e-05	-3.854430e-06	2.203803e-05
34.625        	-1.300897e-05	1.175305e+00	2.279667e-05	-1.610630e-06	2.440730e-05
34.65         	-1.307007e-05	1.175255e+00	2.724707e-05	5.534642e-07	2.669361e-05
34.675        	-1.312976e-05	1.175204e+00	3.192038e-05	2.830428e-06	2.908995e-05
34.7          	-1.318800e-05	1.175153e+00	3.644344e-05	5.033725e-06	3.140972e-05
34.725        	-1.324467e-05	1.175103e+00	4.109048e-05	7.300568e-06	3.378991e-05
34.75         	-1.329975e-05	1.175052e+00	4.559210e-05	9.496306e-06	3.609580e-05
34.775        	-1.335327e-05	1.175002e+00	5.021041e-05	1.175194e-05	3.845848e-05
34.8          	-1.340539e-05	1.174951e+00	5.483942e-05	1.401432e-05	4.082510e-05
34.825        	-1.345577e-05	1.174901e+00	5.943592e-05	1.626219e-05	4.317373e-05
34.85         	-1.350475e-05	1.174851e+00	6.406238e-05	1.852644e-05	4.553594e-05
34.875        	-1.355184e-05	1.174801e+00	6.866360e-05	2.077996e-05	4.788364e-05
34.9          	-1.359755e-05	1.174751e+00	7.318649e-05	2.299569e-05	5.019080e-05
34.925        	-1.364161e-05	1.174701e+00	7.790556e-05	2.531117e-05	5.259439e-05
34.95         	-1.368397e-05	1.174651e+00	8.234470e-05	2.748837e-05	5.485632e-05
34.975        	-1.372514e-05	1.174601e+00	8.721630e-05	2.988301e-05	5.733329e-05
35            	-1.376454e-05	1.174551e+00	9.179281e-05	3.213187e-05	5.966094e-05
35.025        	-1.380147e-05	1.174501e+00	9.586318e-05	3.413012e-05	6.173306e-05
35.05         	-1.383771e-05	1.174452e+00	1.007254e-04	3.652501e-05	6.420043e-05
35.075        	-1.387219e-05	1.174403e+00	1.050442e-04	3.864993e-05	6.639432e-05
35.1          	-1.390535e-05	1.174353e+00	1.098987e-04	4.104401e-05	6.885470e-05
35.125        	-1.393617e-05	1.174304e+00	1.141091e-04	4.311839e-05	7.099072e-05
35.15         	-1.396573e-05	1.174254e+00	1.187929e-04	4.543074e-05	7.336219e-05
35.175        	-1.399357e-05	1.174205e+00	1.232436e-04	4.762823e-05	7.561538e-05
35.2          	-1.401991e-05	1.174156e+00	1.278861e-04	4.992314e-05	7.796297e-05
35.225        	-1.404462e-05	1.174107e+00	1.324363e-04	5.217355e-05	8.026279e-05
35.25         	-1.406752e-05	1.174058e+00	1.369824e-04	5.442369e-05	8.255873e-05
35.275        	-1.408909e-05	1.174009e+00	1.417397e-04	5.678073e-05	8.495892e-05
35.3          	-1.410840e-05	1.173960e+00	1.460932e-04	5.893819e-05	8.715498e-05
35.325        	-1.412635e-05	1.173911e+00	1.506899e-04	6.121858e-05	8.947129e-05
35.35         	-1.414215e-05	1.173862e+00	1.549467e-04	6.333119e-05	9.161548e-05
35.375        	-1.415698e-05	1.173813e+00	1.599301e-04	6.580806e-05	9.412202e-05
35.4          	-1.416947e-05	1.173765e+00	1.640891e-04	6.787510e-05	9.621403e-05
35.425        	-1.418068e-05	1.173716e+00	1.686907e-04	7.016467e-05	9.852604e-05
35.45         	-1.419017e-05	1.173667e+00	1.732063e-04	7.241297e-05	1.007933e-04
35.475        	-1.419763e-05	1.173619e+00	1.776141e-04	7.460940e-05	1.030047e-04
35.5          	-1.420357e-05	1.173570e+00	1.820346e-04	7.681372e-05	1.052209e-04
35.525        	-1.420775e-05	1.173522e+00	1.865287e-04	7.905662e-05	1.074721e-04
35.55         	-1.421027e-05	1.173473e+00	1.910614e-04	8.132041e-05	1.097409e-04
35.575        	-1.421063e-05	1.173425e+00	1.953124e-04	8.344556e-05	1.118668e-04
35.6          	-1.420936e-05	1.173377e+00	1.996254e-04	8.560333e-05	1.140221e-04
35.625        	-1.420699e-05	1.173329e+00	2.043207e-04	8.795334e-05	1.163673e-04
35.65         	-1.420265e-05	1.173281e+00	2.085994e-04	9.009705e-05	1.185024e-04
35.675        	-1.419610e-05	1.173233e+00	2.128924e-04	9.225011e-05	1.206423e-04
35.7          	-1.418828e-05	1.173185e+00	2.174171e-04	9.452028e-05	1.228968e-04
35.725        	-1.417836e-05	1.173137e+00	2.216045e-04	9.662388e-05	1.249806e-04
35.75         	-1.416687e-05	1.173089e+00	2.258854e-04	9.877582e-05	1.271096e-04
35.775        	-1.415379e-05	1.173042e+00	2.302829e-04	1.009877e-04	1.292953e-04
35.8          	-1.413874e-05	1.172994e+00	2.344741e-04	1.030983e-04	1.313758e-04
35.825        	-1.412185e-05	1.172947e+00	2.386257e-04	1.051910e-04	1.334347e-04
35.85         	-1.410351e-05	1.172899e+00	2.429310e-04	1.073620e-04	1.355690e-04
35.875        	-1.408336e-05	1.172852e+00	2.471040e-04	1.094686e-04	1.376353e-04
35.9          	-1.406146e-05	1.172804e+00	2.513144e-04	1.115957e-04	1.397186e-04
35.925        	-1.403783e-05	1.172757e+00	2.555533e-04	1.137388e-04	1.418145e-04
35.95         	-1.401240e-05	1.172710e+00	2.596687e-04	1.158220e-04	1.438468e-04
35.975        	-1.398524e-05	1.172662e+00	2.638243e-04	1.179269e-04	1.458974e-04
36            	-1.395642e-05	1.172615e+00	2.680212e-04	1.200542e-04	1.479670e-04
36.025        	-1.392575e-05	1.172568e+00	2.721200e-04	1.221343e-04	1.499858e-04
36.05         	-1.389282e-05	1.172521e+00	2.758825e-04	1.240484e-04	1.518341e-04
36.075        	-1.385886e-05	1.172474e+00	2.802078e-04	1.262450e-04	1.539628e-04
36.1          	-1.382283e-05	1.172427e+00	2.840361e-04	1.281952e-04	1.558409e-04
36.125        	-1.378524e-05	1.172381e+00	2.882391e-04	1.303343e-04	1.579048e-04
36.15         	-1.374593e-05	1.172334e+00	2.922104e-04	1.323593e-04	1.598511e-04
36.175        	-1.370501e-05	1.172287e+00	2.964179e-04	1.345039e-04	1.619139e-04
36.2          	-1.366158e-05	1.172240e+00	2.997843e-04	1.362306e-04	1.635537e-04
36.225        	-1.361685e-05	1.172194e+00	3.040364e-04	1.384013e-04	1.656350e-04
36.25         	-1.357021e-05	1.172147e+00	3.077939e-04	1.403267e-04	1.674672e-04
36.275        	-1.352199e-05	1.172101e+00	3.117396e-04	1.423478e-04	1.693918e-04
36.3          	-1.347200e-05	1.172055e+00	3.155503e-04	1.443032e-04	1.712472e-04
36.325        	-1.342030e-05	1.172008e+00	3.194008e-04	1.462801e-04	1.731207e-04
36.35         	-1.336672e-05	1.171962e+00	3.230702e-04	1.481684e-04	1.749018e-04
36.375        	-1.331140e-05	1.171916e+00	3.268578e-04	1.501175e-04	1.767403e-04
36.4          	-1.325421e-05	1.171869e+00	3.304277e-04	1.519596e-04	1.784681e-04
36.425        	-1.319568e-05	1.171823e+00	3.341860e-04	1.538973e-04	1.802887e-04
36.45         	-1.313563e-05	1.171778e+00	3.378563e-04	1.557925e-04	1.820638e-04
36.475        	-1.307368e-05	1.171732e+00	3.415752e-04	1.577139e-04	1.838613e-04
36.5          	-1.300969e-05	1.171685e+00	3.449678e-04	1.594742e-04	1.854936e-04
36.525        	-1.294435e-05	1.171640e+00	3.487358e-04	1.614236e-04	1.873123e-04
36.55         	-1.287703e-05	1.171594e+00	3.520148e-04	1.631304e-04	1.888844e-04
36.575        	-1.280805e-05	1.171548e+00	3.555995e-04	1.649917e-04	1.906078e-04
36.6          	-1.273769e-05	1.171503e+00	3.591270e-04	1.668258e-04	1.923012e-04
36.625        	-1.266549e-05	1.171457e+00	3.625877e-04	1.686283e-04	1.939593e-04
36.65         	-1.259169e-05	1.171411e+00	3.660771e-04	1.704469e-04	1.956302e-04
36.675        	-1.251587e-05	1.171366e+00	3.693558e-04	1.721620e-04	1.971938e-04
36.7          	-1.243863e-05	1.171321e+00	3.727470e-04	1.739348e-04	1.988121e-04
36.725        	-1.235969e-05	1.171275e+00	3.760143e-04	1.756475e-04	2.003668e-04
36.75         	-1.227914e-05	1.171230e+00	3.793133e-04	1.773775e-04	2.019358e-04
36.775        	-1.219669e-05	1.171185e+00	3.824966e-04	1.790516e-04	2.034450e-04
36.8          	-1.211259e-05	1.171140e+00	3.856920e-04	1.807334e-04	2.049586e-04
36.825        	-1.202684e-05	1.171095e+00	3.887683e-04	1.823573e-04	2.064110e-04
36.85         	-1.193932e-05	1.171049e+00	3.917703e-04	1.839459e-04	2.078245e-04
36.875        	-1.185089e-05	1.171004e+00	3.952244e-04	1.857613e-04	2.094631e-04
36.9          	-1.176032e-05	1.170959e+00	3.980934e-04	1.872864e-04	2.108070e-04
36.925        	-1.166849e-05	1.170914e+00	4.014862e-04	1.890746e-04	2.124116e-04
36.95         	-1.157468e-05	1.170870e+00	4.042949e-04	1.905727e-04	2.137221e-04
36.975        	-1.147944e-05	1.170825e+00	4.074944e-04	1.922678e-04	2.152267e-04
37            	-1.138217e-05	1.170780e+00	4.102426e-04	1.937392e-04	2.165035e-04
37.025        	-1.128348e-05	1.170736e+00	4.130270e-04	1.952300e-04	2.177970e-04
37.05         	-1.118328e-05	1.170691e+00	4.159084e-04	1.967709e-04	2.191375e-04
37.075        	-1.108159e-05	1.170646e+00	4.187409e-04	1.982889e-04	2.204520e-04
37.1          	-1.097785e-05	1.170602e+00	4.214040e-04	1.997242e-04	2.216798e-04
37.125        	-1.087321e-05	1.170558e+00	4.243000e-04	2.012768e-04	2.230232e-04
37.15         	-1.076631e-05	1.170513e+00	4.267411e-04	2.026042e-04	2.241369e-04
37.175        	-1.065820e-05	1.170469e+00	4.293350e-04	2.040093e-04	2.253257e-04
37.2          	-1.054897e-05	1.170425e+00	4.319958e-04	2.054489e-04	2.265469e-04
37.225        	-1.043793e-05	1.170381e+00	4.345076e-04	2.068159e-04	2.276917e-04
37.25         	-1.032535e-05	1.170336e+00	4.369487e-04	2.081490e-04	2.287997e-04
37.275        	-1.021121e-05	1.170292e+00	4.394609e-04	2.095192e-04	2.299417e-04
37.3          	-1.009564e-05	1.170248e+00	4.418060e-04	2.108074e-04	2.309986e-04
37.325        	-9.978246e-06	1.170204e+00	4.440244e-04	2.120339e-04	2.319904e-04
37.35         	-9.859745e-06	1.170161e+00	4.463600e-04	2.133202e-04	2.330397e-04
37.375        	-9.739786e-06	1.170117e+00	4.486293e-04	2.145749e-04	2.340544e-04
37.4          	-9.618445e-06	1.170073e+00	4.509779e-04	2.158705e-04	2.351074e-04
37.425        	-9.495603e-06	1.170029e+00	4.531636e-04	2.170862e-04	2.360774e-04
37.45         	-9.371085e-06	1.169986e+00	4.552307e-04	2.182443e-04	2.369864e-04
37.475        	-9.245360e-06	1.169942e+00	4.574166e-04	2.194629e-04	2.379536e-04
37.5          	-9.118170e-06	1.169898e+00	4.594478e-04	2.206057e-04	2.388421e-04
37.525        	-8.989458e-06	1.169855e+00	4.613937e-04	2.217074e-04	2.396863e-04
37.55         	-8.859740e-06	1.169811e+00	4.635607e-04	2.229206e-04	2.406401e-04
37.575        	-8.728354e-06	1.169768e+00	4.654149e-04	2.239791e-04	2.414358e-04
37.6          	-8.595583e-06	1.169725e+00	4.673446e-04	2.250767e-04	2.422679e-04
37.625        	-8.461516e-06	1.169681e+00	4.692377e-04	2.261573e-04	2.430804e-04
37.65         	-8.325961e-06	1.169638e+00	4.709742e-04	2.271612e-04	2.438131e-04
37.675        	-8.188968e-06	1.169595e+00	4.728088e-04	2.282154e-04	2.445934e-04
37.7          	-8.050655e-06	1.169552e+00	4.743199e-04	2.291093e-04	2.452106e-04
37.725        	-7.911096e-06	1.169509e+00	4.760285e-04	2.301032e-04	2.459254e-04
37.75         	-7.770470e-06	1.169466e+00	4.775572e-04	2.310081e-04	2.465491e-04
37.775        	-7.628453e-06	1.169423e+00	4.790642e-04	2.319036e-04	2.471605e-04
37.8          	-7.485108e-06	1.169380e+00	4.806162e-04	2.328230e-04	2.477932e-04
37.825        	-7.340594e-06	1.169337e+00	4.821269e-04	2.337229e-04	2.484040e-04
37.85         	-7.194442e-06	1.169294e+00	4.833416e-04	2.344764e-04	2.488653e-04
37.875        	-7.047439e-06	1.169252e+00	4.847245e-04	2.353148e-04	2.494097e-04
37.9          	-6.899212e-06	1.169209e+00	4.858727e-04	2.360372e-04	2.498356e-04
37.925        	-6.749855e-06	1.169166e+00	4.872123e-04	2.368563e-04	2.503560e-04
37.95         	-6.599709e-06	1.169124e+00	4.887324e-04	2.377665e-04	2.509659e-04
37.975        	-6.447812e-06	1.169081e+00	4.897639e-04	2.384341e-04	2.513298e-04
38            	-6.294718e-06	1.169039e+00	4.908416e-04	2.391261e-04	2.517155e-04
38.025        	-6.140340e-06	1.168997e+00	4.917333e-04	2.397263e-04	2.520070e-04
38.05         	-5.985120e-06	1.168954e+00	4.927389e-04	2.403844e-04	2.523546e-04
38.075        	-5.828739e-06	1.168912e+00	4.936446e-04	2.409936e-04	2.526511e-04
38.1          	-5.671151e-06	1.168870e+00	4.944807e-04	2.415692e-04	2.529115e-04
38.125        	-5.512899e-06	1.168827e+00	4.955423e-04	2.422582e-04	2.532840e-04
38.15         	-5.353432e-06	1.168785e+00	4.963415e-04	2.428173e-04	2.535242e-04
38.175        	-5.192754e-06	1.168743e+00	4.970290e-04	2.433217e-04	2.537073e-04
38.2          	-5.030787e-06	1.168701e+00	4.976949e-04	2.438167e-04	2.538783e-04
38.225        	-4.868028e-06	1.168659e+00	4.982985e-04	2.442812e-04	2.540173e-04
38.25         	-4.703927e-06	1.168617e+00	4.986772e-04	2.446347e-04	2.540425e-04
38.275        	-4.539374e-06	1.168576e+00	4.994399e-04	2.451806e-04	2.542593e-04
38.3          	-4.373496e-06	1.168534e+00	4.997353e-04	2.454942e-04	2.542412e-04
38.325        	-4.206979e-06	1.168492e+00	5.003689e-04	2.459775e-04	2.543914e-04
38.35         	-4.039318e-06	1.168450e+00	5.007671e-04	2.463442e-04	2.544229e-04
38.375        	-3.870551e-06	1.168409e+00	5.009147e-04	2.465868e-04	2.543279e-04
38.4          	-3.701060e-06	1.168367e+00	5.013277e-04	2.469628e-04	2.543649e-04
38.425        	-3.530536e-06	1.168326e+00	5.014513e-04	2.471951e-04	2.542562e-04
38.45         	-3.359233e-06	1.168284e+00	5.017497e-04	2.475156e-04	2.542341e-04
38.475        	-3.186849e-06	1.168243e+00	5.017385e-04	2.476824e-04	2.540561e-04
38.5          	-3.013458e-06	1.168201e+00	5.016212e-04	2.477972e-04	2.538241e-04
38.525        	-2.839709e-06	1.168160e+00	5.017764e-04	2.480485e-04	2.537279e-04
38.55         	-2.665114e-06	1.168119e+00	5.016507e-04	2.481602e-04	2.534905e-04
38.575        	-2.489383e-06	1.168077e+00	5.014581e-04	2.482397e-04	2.532184e-04
38.6          	-2.313124e-06	1.168036e+00	5.014099e-04	2.483918e-04	2.530181e-04
38.625        	-2.136024e-06	1.167995e+00	5.011470e-04	2.484375e-04	2.527095e-04
38.65         	-1.958108e-06	1.167954e+00	5.008212e-04	2.484525e-04	2.523687e-04
38.675        	-1.779409e-06	1.167913e+00	5.003947e-04	2.484179e-04	2.519768e-04
38.7          	-1.600423e-06	1.167872e+00	5.002172e-04	2.485082e-04	2.517090e-04
38.725        	-1.420458e-06	1.167831e+00	4.996294e-04	2.483942e-04	2.512351e-04
38.75         	-1.239783e-06	1.167790e+00	4.991288e-04	2.483246e-04	2.508042e-04
38.775        	-1.058598e-06	1.167750e+00	4.986199e-04	2.482514e-04	2.503686e-04
38.8          	-8.765311e-07	1.167709e+00	4.979364e-04	2.480917e-04	2.498447e-04
38.825        	-6.936918e-07	1.167668e+00	4.971030e-04	2.478578e-04	2.492452e-04
38.85         	-5.109147e-07	1.167627e+00	4.966552e-04	2.478167e-04	2.488385e-04
38.875        	-3.271064e-07	1.167587e+00	4.957597e-04	2.475527e-04	2.482070e-04
38.9          	-1.428011e-07	1.167546e+00	4.949987e-04	2.473566e-04	2.476422e-04
38.925        	4.199950e-08	1.167506e+00	4.940750e-04	2.470795e-04	2.469955e-04
38.95         	2.275613e-07	1.167465e+00	4.929640e-04	2.467095e-04	2.462544e-04
38.975        	4.131739e-07	1.167425e+00	4.922189e-04	2.465226e-04	2.456963e-04
39            	5.996946e-07	1.167385e+00	4.909650e-04	2.460822e-04	2.448828e-04
39.025        	7.865471e-07	1.167344e+00	4.899413e-04	2.457572e-04	2.441841e-04
39.05         	9.738646e-07	1.167304e+00	4.887258e-04	2.453368e-04	2.433890e-04
39.075        	1.161663e-06	1.167264e+00	4.875190e-04	2.449211e-04	2.425978e-04
39.1          	1.349914e-06	1.167224e+00	4.862278e-04	2.444638e-04	2.417640e-04
39.125        	1.538399e-06	1.167183e+00	4.850090e-04	2.440429e-04	2.409661e-04
39.15         	1.727503e-06	1.167144e+00	4.834849e-04	2.434699e-04	2.400149e-04
39.175        	1.917133e-06	1.167103e+00	4.819282e-04	2.428812e-04	2.390470e-04
39.2          	2.106446e-06	1.167064e+00	4.806699e-04	2.424414e-04	2.382285e-04
39.225        	2.296309e-06	1.167024e+00	4.790842e-04	2.418384e-04	2.372458e-04
39.25         	2.486647e-06	1.166984e+00	4.773349e-04	2.411541e-04	2.361808e-04
39.275        	2.677274e-06	1.166944e+00	4.756759e-04	2.405152e-04	2.351607e-04
39.3          	2.867908e-06	1.166904e+00	4.741113e-04	2.399236e-04	2.341877e-04
39.325        	3.059025e-06	1.166865e+00	4.722516e-04	2.391848e-04	2.330668e-04
39.35         	3.250304e-06	1.166825e+00	4.704369e-04	2.384687e-04	2.319681e-04
39.375        	3.441856e-06	1.166786e+00	4.684549e-04	2.376693e-04	2.307856e-04
39.4          	3.633438e-06	1.166746e+00	4.666107e-04	2.369388e-04	2.296719e-04
39.425        	3.825235e-06	1.166706e+00	4.645555e-04	2.361030e-04	2.284525e-04
39.45         	4.017225e-06	1.166667e+00	4.625012e-04	2.352678e-04	2.272334e-04
39.475        	4.209171e-06	1.166628e+00	4.604325e-04	2.344254e-04	2.260071e-04
39.5          	4.401335e-06	1.166588e+00	4.581983e-04	2.335005e-04	2.246978e-04
39.525        	4.593694e-06	1.166549e+00	4.559192e-04	2.325533e-04	2.233659e-04
39.55         	4.786129e-06	1.166510e+00	4.535652e-04	2.315687e-04	2.219965e-04
39.575        	4.978259e-06	1.166470e+00	4.513418e-04	2.306492e-04	2.206926e-04
39.6          	5.170368e-06	1.166431e+00	4.490941e-04	2.297174e-04	2.193767e-04
39.625        	5.362728e-06	1.166392e+00	4.465867e-04	2.286561e-04	2.179306e-04
39.65         	5.555289e-06	1.166353e+00	4.439505e-04	2.275305e-04	2.164199e-04
39.675        	5.747055e-06	1.166314e+00	4.418414e-04	2.266677e-04	2.151736e-04
39.7          	5.939362e-06	1.166275e+00	4.389999e-04	2.254393e-04	2.135606e-04
39.725        	6.131400e-06	1.166236e+00	4.364729e-04	2.243679e-04	2.121051e-04
39.75         	6.323268e-06	1.166197e+00	4.338467e-04	2.232466e-04	2.106001e-04
39.775        	6.515166e-06	1.166159e+00	4.310265e-04	2.220284e-04	2.089981e-04
39.8          	6.706961e-06	1.166120e+00	4.281717e-04	2.207928e-04	2.073789e-04
39.825        	6.898543e-06	1.166081e+00	4.253249e-04	2.195610e-04	2.057639e-04
39.85         	7.089817e-06	1.166042e+00	4.224096e-04	2.182946e-04	2.041150e-04
39.875        	7.280898e-06	1.166004e+00	4.195067e-04	2.170343e-04	2.024725e-04
39.9          	7.472014e-06	1.165965e+00	4.163426e-04	2.156433e-04	2.006993e-04
39.925        	7.662775e-06	1.165927e+00	4.133014e-04	2.143135e-04	1.989879e-04
39.95         	7.853099e-06	1.165888e+00	4.102490e-04	2.129776e-04	1.972714e-04
39.975        	8.043030e-06	1.165850e+00	4.071497e-04	2.116179e-04	1.955318e-04
40            	8.232946e-06	1.165811e+00	4.038184e-04	2.101421e-04	1.936762e-04
40.025        	8.422528e-06	1.165773e+00	4.004882e-04	2.086666e-04	1.918216e-04
40.05         	8.611477e-06	1.165735e+00	3.972757e-04	2.072493e-04	1.900264e-04
40.075        	8.800368e-06	1.165697e+00	3.936844e-04	2.056426e-04	1.880418e-04
40.1          	8.988955e-06	1.165659e+00	3.900527e-04	2.040153e-04	1.860374e-04
40.125        	9.176241e-06	1.165620e+00	3.870593e-04	2.027059e-04	1.843534e-04
40.15         	9.363667e-06	1.165582e+00	3.833868e-04	2.010570e-04	1.823297e-04
40.175        	9.550921e-06	1.165544e+00	3.796436e-04	1.993727e-04	1.802709e-04
40.2          	9.737079e-06	1.165506e+00	3.763354e-04	1.979048e-04	1.784306e-04
40.225        	9.923106e-06	1.165468e+00	3.724958e-04	1.961710e-04	1.763248e-04
40.25         	1.010842e-05	1.165430e+00	3.691644e-04	1.946906e-04	1.744738e-04
40.275        	1.029367e-05	1.165392e+00	3.649684e-04	1.927779e-04	1.721906e-04
40.3          	1.047796e-05	1.165355e+00	3.613307e-04	1.911433e-04	1.701874e-04
40.325        	1.066180e-05	1.165317e+00	3.573619e-04	1.893427e-04	1.680191e-04
40.35         	1.084498e-05	1.165279e+00	3.534556e-04	1.875728e-04	1.658828e-04
40.375        	1.102757e-05	1.165242e+00	3.492407e-04	1.856479e-04	1.635928e-04
40.4          	1.120913e-05	1.165204e+00	3.457320e-04	1.840751e-04	1.616569e-04
40.425        	1.139067e-05	1.165166e+00	3.410947e-04	1.819380e-04	1.591567e-04
40.45         	1.157113e-05	1.165129e+00	3.372550e-04	1.801986e-04	1.570564e-04
40.475        	1.175033e-05	1.165092e+00	3.335643e-04	1.785325e-04	1.550318e-04
40.5          	1.192997e-05	1.165054e+00	3.286437e-04	1.762518e-04	1.523919e-04
40.525        	1.210805e-05	1.165017e+00	3.249314e-04	1.745738e-04	1.503577e-04
40.55         	1.228560e-05	1.164979e+00	3.203754e-04	1.724733e-04	1.479021e-04
40.575        	1.246239e-05	1.164942e+00	3.161712e-04	1.705480e-04	1.456232e-04
40.6          	1.263847e-05	1.164904e+00	3.116465e-04	1.684617e-04	1.431848e-04
40.625        	1.281373e-05	1.164867e+00	3.071192e-04	1.663733e-04	1.407459e-04
40.65         	1.298720e-05	1.164830e+00	3.032604e-04	1.646174e-04	1.386430e-04
40.675        	1.316082e-05	1.164793e+00	2.983790e-04	1.623503e-04	1.360287e-04
40.7          	1.333363e-05	1.164756e+00	2.937901e-04	1.602287e-04	1.335614e-04
40.725        	1.350508e-05	1.164719e+00	2.892473e-04	1.581287e-04	1.311186e-04
40.75         	1.367566e-05	1.164682e+00	2.846088e-04	1.559801e-04	1.286287e-04
40.775        	1.384570e-05	1.164645e+00	2.796373e-04	1.536643e-04	1.259729e-04
40.8          	1.401423e-05	1.164608e+00	2.751463e-04	1.515874e-04	1.235589e-04
40.825        	1.418171e-05	1.164571e+00	2.703300e-04	1.493467e-04	1.209833e-04
40.85         	1.434829e-05	1.164534e+00	2.655636e-04	1.471301e-04	1.184335e-04
40.875        	1.451388e-05	1.164497e+00	2.607370e-04	1.448824e-04	1.158546e-04
40.9          	1.467824e-05	1.164461e+00	2.559826e-04	1.426696e-04	1.133131e-04
40.925        	1.484171e-05	1.164424e+00	2.511830e-04	1.404332e-04	1.107498e-04
40.95         	1.500437e-05	1.164388e+00	2.460180e-04	1.380134e-04	1.080046e-04
40.975        	1.516559e-05	1.164351e+00	2.412190e-04	1.357751e-04	1.054439e-04
41            	1.532579e-05	1.164314e+00	2.360593e-04	1.333554e-04	1.027039e-04
41.025        	1.548514e-05	1.164278e+00	2.308034e-04	1.308868e-04	9.991656e-05
41.05         	1.564256e-05	1.164242e+00	2.260096e-04	1.286473e-04	9.736222e-05
41.075        	1.579943e-05	1.164205e+00	2.205551e-04	1.260770e-04	9.447811e-05
41.1          	1.595490e-05	1.164169e+00	2.154783e-04	1.236940e-04	9.178424e-05
41.125        	1.610922e-05	1.164132e+00	2.100189e-04	1.211187e-04	8.890024e-05
41.15         	1.626191e-05	1.164096e+00	2.049614e-04	1.187426e-04	8.621879e-05
41.175        	1.641362e-05	1.164059e+00	1.995524e-04	1.161898e-04	8.336256e-05
41.2          	1.656345e-05	1.164024e+00	1.947180e-04	1.139225e-04	8.079557e-05
41.225        	1.671261e-05	1.163988e+00	1.891585e-04	1.112919e-04	7.786666e-05
41.25         	1.686066e-05	1.163951e+00	1.835932e-04	1.086573e-04	7.493596e-05
41.275        	1.700663e-05	1.163915e+00	1.784502e-04	1.062317e-04	7.221846e-05
41.3          	1.715169e-05	1.163879e+00	1.728787e-04	1.035910e-04	6.928764e-05
41.325        	1.729550e-05	1.163843e+00	1.673285e-04	1.009598e-04	6.636876e-05
41.35         	1.743777e-05	1.163807e+00	1.618255e-04	9.835054e-05	6.347500e-05
41.375        	1.757868e-05	1.163771e+00	1.562134e-04	9.568540e-05	6.052804e-05
41.4          	1.771771e-05	1.163736e+00	1.508053e-04	9.312034e-05	5.768493e-05
41.425        	1.785570e-05	1.163700e+00	1.450389e-04	9.037513e-05	5.466373e-05
41.45         	1.799233e-05	1.163664e+00	1.392863e-04	8.763546e-05	5.165081e-05
41.475        	1.812716e-05	1.163628e+00	1.337540e-04	8.500415e-05	4.874983e-05
41.5          	1.826060e-05	1.163593e+00	1.280303e-04	8.227577e-05	4.575456e-05
41.525        	1.839216e-05	1.163557e+00	1.224914e-04	7.963786e-05	4.285354e-05
41.55         	1.852255e-05	1.163521e+00	1.166723e-04	7.685871e-05	3.981362e-05
41.575        	1.865170e-05	1.163486e+00	1.107077e-04	7.400555e-05	3.670216e-05
41.6          	1.877869e-05	1.163450e+00	1.049386e-04	7.124801e-05	3.369062e-05
41.625        	1.890439e-05	1.163415e+00	9.903935e-05	6.842406e-05	3.061528e-05
41.65         	1.902822e-05	1.163380e+00	9.332900e-05	6.569272e-05	2.763628e-05
41.675        	1.915059e-05	1.163344e+00	8.736361e-05	6.283239e-05	2.453121e-05
41.7          	1.927144e-05	1.163309e+00	8.143998e-05	5.999143e-05	2.144855e-05
41.725        	1.939004e-05	1.163274e+00	7.576989e-05	5.727498e-05	1.849491e-05
41.75         	1.950780e-05	1.163238e+00	6.944286e-05	5.422923e-05	1.521363e-05
41.775        	1.962316e-05	1.163203e+00	6.378022e-05	5.151327e-05	1.226695e-05
41.8          	1.973738e-05	1.163168e+00	5.755937e-05	4.851707e-05	9.042309e-06
41.825        	1.984962e-05	1.163132e+00	5.165558e-05	4.567742e-05	5.978167e-06
41.85         	1.996005e-05	1.163098e+00	4.568090e-05	4.280050e-05	2.880401e-06
41.875        	2.006889e-05	1.163063e+00	3.943204e-05	3.978491e-05	-3.528660e-07
41.9          	2.017579e-05	1.163028e+00	3.339291e-05	3.687225e-05	-3.479338e-06
41.925        	2.028082e-05	1.162993e+00	2.737926e-05	3.397045e-05	-6.591189e-06
41.95         	2.038432e-05	1.162958e+00	2.107780e-05	3.092322e-05	-9.845424e-06
41.975        	2.048562e-05	1.162923e+00	1.508127e-05	2.802625e-05	-1.294499e-05
42            	2.058543e-05	1.162888e+00	8.771318e-06	2.497108e-05	-1.619977e-05
42.025        	2.068331e-05	1.162853e+00	2.572092e-06	2.196936e-05	-1.939727e-05
42.05         	2.077900e-05	1.162819e+00	-3.515943e-06	1.902102e-05	-2.253697e-05
42.075        	2.087347e-05	1.162784e+00	-9.934377e-06	1.590628e-05	-2.584066e-05
42.1          	2.096546e-05	1.162749e+00	-1.617788e-05	1.287652e-05	-2.905440e-05
42.125        	2.105528e-05	1.162714e+00	-2.223791e-05	9.936321e-06	-3.217423e-05
42.15         	2.114377e-05	1.162679e+00	-2.866764e-05	6.809947e-06	-3.547759e-05
42.175        	2.122965e-05	1.162645e+00	-3.455522e-05	3.952036e-06	-3.850726e-05
42.2          	2.131393e-05	1.162611e+00	-4.081444e-05	9.067097e-07	-4.172114e-05
42.225        	2.139658e-05	1.162576e+00	-4.714602e-05	-2.176435e-06	-4.496959e-05
42.25         	2.147693e-05	1.162542e+00	-5.347992e-05	-5.263030e-06	-4.821689e-05
42.275        	2.155512e-05	1.162507e+00	-5.969375e-05	-8.291751e-06	-5.140200e-05
42.3          	2.163177e-05	1.162473e+00	-6.612815e-05	-1.143231e-05	-5.469584e-05
42.325        	2.170627e-05	1.162438e+00	-7.264674e-05	-1.461710e-05	-5.802964e-05
42.35         	2.177836e-05	1.162404e+00	-7.879876e-05	-1.762102e-05	-6.117774e-05
42.375        	2.184869e-05	1.162370e+00	-8.512729e-05	-2.071496e-05	-6.441233e-05
42.4          	2.191719e-05	1.162336e+00	-9.157999e-05	-2.387280e-05	-6.770719e-05
42.425        	2.198354e-05	1.162302e+00	-9.796936e-05	-2.700114e-05	-7.096822e-05
42.45         	2.204741e-05	1.162267e+00	-1.043627e-04	-3.013394e-05	-7.422876e-05
42.475        	2.210921e-05	1.162233e+00	-1.106820e-04	-3.323181e-05	-7.745023e-05
42.5          	2.216925e-05	1.162200e+00	-1.171098e-04	-3.638563e-05	-8.072413e-05
42.525        	2.222704e-05	1.162165e+00	-1.235739e-04	-3.955990e-05	-8.401398e-05
42.55         	2.228251e-05	1.162132e+00	-1.297821e-04	-4.260856e-05	-8.717358e-05
42.575        	2.233627e-05	1.162098e+00	-1.364585e-04	-4.589297e-05	-9.056551e-05
42.6          	2.238722e-05	1.162063e+00	-1.425563e-04	-4.889093e-05	-9.366537e-05
42.625        	2.243655e-05	1.162030e+00	-1.491659e-04	-5.214638e-05	-9.701947e-05
42.65         	2.248336e-05	1.161996e+00	-1.553270e-04	-5.518013e-05	-1.001468e-04
42.675        	2.252813e-05	1.161963e+00	-1.616642e-04	-5.830395e-05	-1.033602e-04
42.7          	2.257075e-05	1.161929e+00	-1.682020e-04	-6.153023e-05	-1.066717e-04
42.725        	2.261108e-05	1.161895e+00	-1.744500e-04	-6.461393e-05	-1.098361e-04
42.75         	2.264946e-05	1.161861e+00	-1.811455e-04	-6.792328e-05	-1.132222e-04
42.775        	2.268527e-05	1.161828e+00	-1.873448e-04	-7.098713e-05	-1.163577e-04
42.8          	2.271909e-05	1.161794e+00	-1.938697e-04	-7.421578e-05	-1.196540e-04
42.825        	2.275059e-05	1.161761e+00	-2.002831e-04	-7.739094e-05	-1.228921e-04
42.85         	2.277964e-05	1.161728e+00	-2.064541e-04	-8.044740e-05	-1.260067e-04
42.875        	2.280682e-05	1.161694e+00	-2.131467e-04	-8.376652e-05	-1.293801e-04
42.9          	2.283132e-05	1.161661e+00	-2.191983e-04	-8.676784e-05	-1.324305e-04
42.925        	2.285403e-05	1.161627e+00	-2.259543e-04	-9.012314e-05	-1.358312e-04
42.95         	2.287394e-05	1.161594e+00	-2.319637e-04	-9.310792e-05	-1.388558e-04
42.975        	2.289204e-05	1.161560e+00	-2.386510e-04	-9.643345e-05	-1.422175e-04
43            	2.290717e-05	1.161527e+00	-2.447424e-04	-9.946402e-05	-1.452784e-04
43.025        	2.292066e-05	1.161494e+00	-2.513932e-04	-1.027759e-04	-1.486173e-04
43.05         	2.293168e-05	1.161461e+00	-2.574992e-04	-1.058179e-04	-1.516813e-04
43.075        	2.294001e-05	1.161428e+00	-2.637390e-04	-1.089295e-04	-1.548095e-04
43.1          	2.294594e-05	1.161395e+00	-2.698678e-04	-1.119880e-04	-1.578798e-04
43.125        	2.295017e-05	1.161362e+00	-2.763717e-04	-1.152357e-04	-1.611360e-04
43.15         	2.295192e-05	1.161329e+00	-2.826654e-04	-1.183808e-04	-1.642846e-04
43.175        	2.295118e-05	1.161296e+00	-2.891100e-04	-1.216038e-04	-1.675062e-04
43.2          	2.294753e-05	1.161263e+00	-2.950798e-04	-1.245924e-04	-1.704874e-04
43.225        	2.294255e-05	1.161230e+00	-3.016330e-04	-1.278739e-04	-1.737590e-04
43.25         	2.293465e-05	1.161197e+00	-3.078128e-04	-1.309718e-04	-1.768411e-04
43.275        	2.292401e-05	1.161164e+00	-3.137490e-04	-1.339505e-04	-1.797985e-04
43.3          	2.291166e-05	1.161131e+00	-3.202540e-04	-1.372153e-04	-1.830387e-04
43.325        	2.289639e-05	1.161098e+00	-3.262449e-04	-1.402261e-04	-1.860188e-04
43.35         	2.287915e-05	1.161066e+00	-3.325569e-04	-1.433993e-04	-1.891576e-04
43.375        	2.285934e-05	1.161033e+00	-3.385585e-04	-1.464199e-04	-1.921386e-04
43.4          	2.283723e-05	1.161001e+00	-3.447512e-04	-1.495384e-04	-1.952128e-04
43.425        	2.281249e-05	1.160968e+00	-3.507040e-04	-1.525395e-04	-1.981645e-04
43.45         	2.278573e-05	1.160935e+00	-3.569545e-04	-1.556915e-04	-2.012630e-04
43.475        	2.275633e-05	1.160903e+00	-3.628783e-04	-1.586828e-04	-2.041955e-04
43.5          	2.272504e-05	1.160870e+00	-3.692769e-04	-1.619134e-04	-2.073635e-04
43.525        	2.269041e-05	1.160838e+00	-3.749471e-04	-1.647832e-04	-2.101640e-04
43.55         	2.265393e-05	1.160805e+00	-3.811007e-04	-1.678964e-04	-2.132043e-04
43.575        	2.261487e-05	1.160774e+00	-3.868882e-04	-1.708292e-04	-2.160590e-04
43.6          	2.257367e-05	1.160741e+00	-3.930462e-04	-1.739494e-04	-2.190968e-04
43.625        	2.252949e-05	1.160708e+00	-3.987911e-04	-1.768661e-04	-2.219250e-04
43.65         	2.248339e-05	1.160676e+00	-4.048952e-04	-1.799642e-04	-2.249310e-04
43.675        	2.243459e-05	1.160645e+00	-4.104216e-04	-1.827762e-04	-2.276454e-04
43.7          	2.238377e-05	1.160612e+00	-4.165289e-04	-1.858807e-04	-2.306482e-04
43.725        	2.233026e-05	1.160580e+00	-4.222313e-04	-1.887854e-04	-2.334459e-04
43.75         	2.227454e-05	1.160548e+00	-4.281913e-04	-1.918211e-04	-2.363702e-04
43.775        	2.221625e-05	1.160516e+00	-4.338712e-04	-1.947193e-04	-2.391518e-04
43.8          	2.215548e-05	1.160483e+00	-4.398946e-04	-1.977918e-04	-2.421028e-04
43.825        	2.209154e-05	1.160451e+00	-4.451919e-04	-2.005044e-04	-2.446875e-04
43.85         	2.202608e-05	1.160420e+00	-4.511301e-04	-2.035390e-04	-2.475911e-04
43.875        	2.195802e-05	1.160388e+00	-4.564819e-04	-2.062829e-04	-2.501990e-04
43.9          	2.188776e-05	1.160356e+00	-4.621285e-04	-2.091765e-04	-2.529520e-04
43.925        	2.181509e-05	1.160324e+00	-4.677072e-04	-2.120385e-04	-2.556687e-04
43.95         	2.174014e-05	1.160292e+00	-4.736520e-04	-2.150859e-04	-2.585661e-04
43.975        	2.166205e-05	1.160261e+00	-4.787115e-04	-2.176937e-04	-2.610178e-04
44            	2.158240e-05	1.160229e+00	-4.847078e-04	-2.207715e-04	-2.639363e-04
44.025        	2.149917e-05	1.160197e+00	-4.894218e-04	-2.232117e-04	-2.662100e-04
44.05         	2.141475e-05	1.160165e+00	-4.955573e-04	-2.263639e-04	-2.691934e-04
44.075        	2.132727e-05	1.160134e+00	-5.006337e-04	-2.289896e-04	-2.716441e-04
44.1          	2.123723e-05	1.160102e+00	-5.059500e-04	-2.317378e-04	-2.742123e-04
44.125        	2.114520e-05	1.160071e+00	-5.111048e-04	-2.344072e-04	-2.766976e-04
44.15         	2.105102e-05	1.160039e+00	-5.167205e-04	-2.373092e-04	-2.794113e-04
44.175        	2.095378e-05	1.160007e+00	-5.217430e-04	-2.399177e-04	-2.818253e-04
44.2          	2.085417e-05	1.159977e+00	-5.266472e-04	-2.424695e-04	-2.841778e-04
44.225        	2.075300e-05	1.159945e+00	-5.322041e-04	-2.453490e-04	-2.868550e-04
44.25         	2.064820e-05	1.159913e+00	-5.368056e-04	-2.477546e-04	-2.890510e-04
44.275        	2.054212e-05	1.159882e+00	-5.423036e-04	-2.506097e-04	-2.916939e-04
44.3          	2.043331e-05	1.159851e+00	-5.471513e-04	-2.531424e-04	-2.940090e-04
44.325        	2.032212e-05	1.159819e+00	-5.522017e-04	-2.557787e-04	-2.964230e-04
44.35         	2.020828e-05	1.159788e+00	-5.569919e-04	-2.582877e-04	-2.987042e-04
44.375        	2.009264e-05	1.159757e+00	-5.621386e-04	-2.609767e-04	-3.011619e-04
44.4          	1.997413e-05	1.159726e+00	-5.665964e-04	-2.633241e-04	-3.032724e-04
44.425        	1.985373e-05	1.159695e+00	-5.718107e-04	-2.660516e-04	-3.057591e-04
44.45         	1.973057e-05	1.159664e+00	-5.763491e-04	-2.684440e-04	-3.079051e-04
44.475        	1.960532e-05	1.159632e+00	-5.812114e-04	-2.710004e-04	-3.102110e-04
44.5          	1.947778e-05	1.159601e+00	-5.857896e-04	-2.734170e-04	-3.123726e-04
44.525        	1.934751e-05	1.159570e+00	-5.902098e-04	-2.757574e-04	-3.144524e-04
44.55         	1.921548e-05	1.159539e+00	-5.949401e-04	-2.782546e-04	-3.166855e-04
44.575        	1.908066e-05	1.159509e+00	-5.992568e-04	-2.805478e-04	-3.187091e-04
44.6          	1.894390e-05	1.159478e+00	-6.037852e-04	-2.829487e-04	-3.208365e-04
44.625        	1.880463e-05	1.159447e+00	-6.078427e-04	-2.851167e-04	-3.227260e-04
44.65         	1.866385e-05	1.159416e+00	-6.126894e-04	-2.876808e-04	-3.250085e-04
44.675        	1.852016e-05	1.159385e+00	-6.168963e-04	-2.899280e-04	-3.269683e-04
44.7          	1.837404e-05	1.159354e+00	-6.210531e-04	-2.921525e-04	-3.289006e-04
44.725        	1.822587e-05	1.159324e+00	-6.252340e-04	-2.943911e-04	-3.308429e-04
44.75         	1.807551e-05	1.159293e+00	-6.293920e-04	-2.966205e-04	-3.327715e-04
44.775        	1.792281e-05	1.159262e+00	-6.334231e-04	-2.987887e-04	-3.346343e-04
44.8          	1.776795e-05	1.159232e+00	-6.374717e-04	-3.009679e-04	-3.365038e-04
44.825        	1.761081e-05	1.159201e+00	-6.413474e-04	-3.030629e-04	-3.382845e-04
44.85         	1.745187e-05	1.159171e+00	-6.454379e-04	-3.052671e-04	-3.401708e-04
44.875        	1.729043e-05	1.159140e+00	-6.492422e-04	-3.073307e-04	-3.419115e-04
44.9          	1.712703e-05	1.159110e+00	-6.532382e-04	-3.094921e-04	-3.437461e-04
44.925        	1.696137e-05	1.159079e+00	-6.570175e-04	-3.115474e-04	-3.454701e-04
44.95         	1.679321e-05	1.159049e+00	-6.605802e-04	-3.134969e-04	-3.470833e-04
44.975        	1.662324e-05	1.159019e+00	-6.643081e-04	-3.155308e-04	-3.487773e-04
45            	1.645092e-05	1.158989e+00	-6.674977e-04	-3.172979e-04	-3.501998e-04
45.025        	1.627663e-05	1.158959e+00	-6.710420e-04	-3.192444e-04	-3.517976e-04
45.05         	1.610095e-05	1.158928e+00	-6.749920e-04	-3.213951e-04	-3.535970e-04
45.075        	1.592198e-05	1.158898e+00	-6.779499e-04	-3.230530e-04	-3.548969e-04
45.1          	1.574123e-05	1.158868e+00	-6.811520e-04	-3.248348e-04	-3.563173e-04
45.125        	1.555940e-05	1.158837e+00	-6.849164e-04	-3.268988e-04	-3.580176e-04
45.15         	1.537438e-05	1.158807e+00	-6.876003e-04	-3.284258e-04	-3.591745e-04
45.175        	1.518808e-05	1.158777e+00	-6.912777e-04	-3.304507e-04	-3.608269e-04
45.2          	1.499915e-05	1.158747e+00	-6.938414e-04	-3.319216e-04	-3.619199e-04
45.225        	1.480872e-05	1.158717e+00	-6.974283e-04	-3.339054e-04	-3.635229e-04
45.25         	1.461582e-05	1.158687e+00	-7.001927e-04	-3.354805e-04	-3.647122e-04
45.275        	1.442073e-05	1.158657e+00	-7.030375e-04	-3.370980e-04	-3.659395e-04
45.3          	1.422415e-05	1.158627e+00	-7.056644e-04	-3.386080e-04	-3.670563e-04
45.325        	1.402602e-05	1.158597e+00	-7.089397e-04	-3.404438e-04	-3.684959e-04
45.35         	1.382517e-05	1.158567e+00	-7.113656e-04	-3.418576e-04	-3.695079e-04
45.375        	1.362273e-05	1.158538e+00	-7.138577e-04	-3.433061e-04	-3.705516e-04
45.4          	1.341822e-05	1.158508e+00	-7.162558e-04	-3.447097e-04	-3.715461e-04
45.425        	1.321308e-05	1.158478e+00	-7.196066e-04	-3.465902e-04	-3.730164e-04
45.45         	1.300438e-05	1.158448e+00	-7.214935e-04	-3.477424e-04	-3.737512e-04
45.475        	1.279426e-05	1.158418e+00	-7.240601e-04	-3.492358e-04	-3.748243e-04
45.5          	1.258257e-05	1.158389e+00	-7.263468e-04	-3.505908e-04	-3.757560e-04
45.525        	1.236884e-05	1.158359e+00	-7.285855e-04	-3.519239e-04	-3.766616e-04
45.55         	1.215332e-05	1.158330e+00	-7.307140e-04	-3.532037e-04	-3.775103e-04
45.575        	1.193615e-05	1.158300e+00	-7.328553e-04	-3.544915e-04	-3.783638e-04
45.6          	1.171712e-05	1.158271e+00	-7.348665e-04	-3.557161e-04	-3.791504e-04
45.625        	1.149662e-05	1.158241e+00	-7.370169e-04	-3.570118e-04	-3.800051e-04
45.65         	1.127383e-05	1.158211e+00	-7.386551e-04	-3.580537e-04	-3.806014e-04
45.675        	1.104951e-05	1.158182e+00	-7.402509e-04	-3.590759e-04	-3.811749e-04
45.7          	1.082354e-05	1.158153e+00	-7.418420e-04	-3.600974e-04	-3.817445e-04
45.725        	1.059660e-05	1.158124e+00	-7.437276e-04	-3.612672e-04	-3.824604e-04
45.75         	1.036729e-05	1.158094e+00	-7.450859e-04	-3.621757e-04	-3.829102e-04
45.775        	1.013722e-05	1.158065e+00	-7.473362e-04	-3.635309e-04	-3.838053e-04
45.8          	9.904552e-06	1.158035e+00	-7.484958e-04	-3.643434e-04	-3.841525e-04
45.825        	9.669951e-06	1.158007e+00	-7.495204e-04	-3.650903e-04	-3.844302e-04
45.85         	9.434889e-06	1.157977e+00	-7.513091e-04	-3.662196e-04	-3.850894e-04
45.875        	9.197792e-06	1.157948e+00	-7.525368e-04	-3.670706e-04	-3.854662e-04
45.9          	8.958927e-06	1.157919e+00	-7.537068e-04	-3.678945e-04	-3.858123e-04
45.925        	8.718531e-06	1.157889e+00	-7.547715e-04	-3.686672e-04	-3.861043e-04
45.95         	8.476801e-06	1.157860e+00	-7.558474e-04	-3.694469e-04	-3.864005e-04
45.975        	8.233626e-06	1.157831e+00	-7.568013e-04	-3.701670e-04	-3.866343e-04
46            	7.989092e-06	1.157802e+00	-7.577409e-04	-3.708814e-04	-3.868595e-04
46.025        	7.742868e-06	1.157773e+00	-7.584148e-04	-3.714645e-04	-3.869503e-04
46.05         	7.495501e-06	1.157744e+00	-7.592667e-04	-3.721379e-04	-3.871289e-04
46.075        	7.246642e-06	1.157715e+00	-7.598746e-04	-3.726907e-04	-3.871839e-04
46.1          	6.996225e-06	1.157687e+00	-7.600588e-04	-3.730332e-04	-3.870256e-04
46.125        	6.746152e-06	1.157659e+00	-7.621494e-04	-3.743286e-04	-3.878209e-04
46.15         	6.490770e-06	1.157628e+00	-7.604668e-04	-3.737426e-04	-3.867241e-04
46.175        	6.236846e-06	1.157600e+00	-7.616695e-04	-3.745979e-04	-3.870716e-04
46.2          	5.981868e-06	1.157571e+00	-7.616321e-04	-3.748342e-04	-3.867979e-04
46.225        	5.725734e-06	1.157542e+00	-7.622746e-04	-3.754116e-04	-3.868630e-04
46.25         	5.467455e-06	1.157513e+00	-7.619763e-04	-3.755207e-04	-3.864556e-04
46.275        	5.208379e-06	1.157485e+00	-7.617451e-04	-3.756642e-04	-3.860809e-04
46.3          	4.948833e-06	1.157456e+00	-7.617354e-04	-3.759189e-04	-3.858165e-04
46.325        	4.688047e-06	1.157427e+00	-7.621281e-04	-3.763760e-04	-3.857521e-04
46.35         	4.425323e-06	1.157398e+00	-7.617412e-04	-3.764453e-04	-3.852959e-04
46.375        	4.161745e-06	1.157370e+00	-7.615583e-04	-3.766174e-04	-3.849409e-04
46.4          	3.896163e-06	1.157341e+00	-7.602713e-04	-3.762395e-04	-3.840318e-04
46.425        	3.632471e-06	1.157313e+00	-7.617299e-04	-3.772325e-04	-3.844974e-04
46.45         	3.363724e-06	1.157284e+00	-7.587740e-04	-3.760233e-04	-3.827507e-04
46.475        	3.098527e-06	1.157256e+00	-7.610476e-04	-3.774253e-04	-3.836223e-04
46.5          	2.827499e-06	1.157227e+00	-7.572156e-04	-3.757803e-04	-3.814353e-04
46.525        	2.559248e-06	1.157198e+00	-7.586274e-04	-3.767544e-04	-3.818729e-04
46.55         	2.290968e-06	1.157171e+00	-7.587535e-04	-3.770858e-04	-3.816677e-04
46.575        	2.017350e-06	1.157142e+00	-7.563051e-04	-3.761352e-04	-3.801699e-04
46.6          	1.744949e-06	1.157113e+00	-7.560754e-04	-3.762928e-04	-3.797827e-04
46.625        	1.471782e-06	1.157085e+00	-7.546683e-04	-3.758624e-04	-3.788059e-04
46.65         	1.197949e-06	1.157056e+00	-7.537262e-04	-3.756652e-04	-3.780610e-04
46.675        	9.232220e-07	1.157027e+00	-7.523969e-04	-3.752752e-04	-3.771217e-04
46.7          	6.479542e-07	1.156999e+00	-7.511555e-04	-3.749298e-04	-3.762257e-04
46.725        	3.720281e-07	1.156970e+00	-7.495677e-04	-3.744118e-04	-3.751559e-04
46.75         	9.568596e-08	1.156940e+00	-7.478773e-04	-3.738430e-04	-3.740343e-04
46.775        	-1.802741e-07	1.156911e+00	-7.466553e-04	-3.735079e-04	-3.731474e-04
46.8          	-4.571625e-07	1.156880e+00	-7.446424e-04	-3.727783e-04	-3.718640e-04
46.825        	-7.333406e-07	1.156849e+00	-7.431902e-04	-3.723284e-04	-3.708618e-04
46.85         	-1.030528e-06	1.156839e+00	-7.419403e-04	-3.720007e-04	-3.699396e-04
46.875        	-1.315467e-06	1.156795e+00	-7.389277e-04	-3.707793e-04	-3.681484e-04
46.9          	-1.607011e-06	1.156782e+00	-7.393455e-04	-3.712797e-04	-3.680657e-04
46.925        	-1.914555e-06	1.156758e+00	-7.335539e-04	-3.686915e-04	-3.648624e-04
46.95         	-2.209464e-06	1.156729e+00	-7.355779e-04	-3.699984e-04	-3.655795e-04
46.975        	-2.509272e-06	1.156703e+00	-7.304689e-04	-3.677437e-04	-3.627252e-04
47            	-2.805845e-06	1.156674e+00	-7.296932e-04	-3.676525e-04	-3.620408e-04
47.025        	-3.101514e-06	1.156647e+00	-7.264843e-04	-3.663437e-04	-3.601406e-04
47.05         	-3.386021e-06	1.156635e+00	-7.231371e-04	-3.649546e-04	-3.581825e-04
47.075        	-3.662647e-06	1.156607e+00	-7.215556e-04	-3.644405e-04	-3.571152e-04
47.1          	-3.941892e-06	1.156575e+00	-7.186289e-04	-3.632564e-04	-3.553726e-04
47.125        	-4.220193e-06	1.156544e+00	-7.175038e-04	-3.629721e-04	-3.545317e-04
47.15         	-4.505822e-06	1.156517e+00	-7.114802e-04	-3.602459e-04	-3.512343e-04
47.175        	-4.784387e-06	1.156484e+00	-7.125280e-04	-3.610484e-04	-3.514796e-04
47.2          	-5.070065e-06	1.156461e+00	-7.070802e-04	-3.586102e-04	-3.484700e-04
47.225        	-5.355112e-06	1.156430e+00	-7.051185e-04	-3.579144e-04	-3.472042e-04
47.25         	-5.641958e-06	1.156404e+00	-6.999725e-04	-3.556282e-04	-3.443443e-04
47.275        	-5.925213e-06	1.156375e+00	-6.988659e-04	-3.553582e-04	-3.435078e-04
47.3          	-6.209302e-06	1.156346e+00	-6.960524e-04	-3.542355e-04	-3.418169e-04
47.325        	-6.497086e-06	1.156318e+00	-6.917051e-04	-3.523496e-04	-3.393555e-04
47.35         	-6.785807e-06	1.156292e+00	-6.873455e-04	-3.504586e-04	-3.368869e-04
47.375        	-7.068886e-06	1.156263e+00	-6.867096e-04	-3.504237e-04	-3.362859e-04
47.4          	-7.359571e-06	1.156236e+00	-6.791496e-04	-3.469344e-04	-3.322152e-04
47.425        	-7.643636e-06	1.156208e+00	-6.791987e-04	-3.472430e-04	-3.319557e-04
47.45         	-7.931989e-06	1.156180e+00	-6.727189e-04	-3.442915e-04	-3.284275e-04
47.475        	-8.218042e-06	1.156154e+00	-6.703966e-04	-3.434163e-04	-3.269803e-04
47.5          	-8.504629e-06	1.156126e+00	-6.657119e-04	-3.413606e-04	-3.243513e-04
47.525        	-8.790999e-06	1.156099e+00	-6.621984e-04	-3.398902e-04	-3.223082e-04
47.55         	-9.077061e-06	1.156072e+00	-6.580321e-04	-3.380931e-04	-3.199390e-04
47.575        	-9.363708e-06	1.156045e+00	-6.538871e-04	-3.363073e-04	-3.175798e-04
47.6          	-9.650050e-06	1.156018e+00	-6.497171e-04	-3.345086e-04	-3.152085e-04
47.625        	-9.936273e-06	1.155990e+00	-6.453519e-04	-3.326122e-04	-3.127397e-04
47.65         	-1.022237e-05	1.155963e+00	-6.408883e-04	-3.306665e-04	-3.102218e-04
47.675        	-1.050742e-05	1.155937e+00	-6.366810e-04	-3.288479e-04	-3.078331e-04
47.7          	-1.079274e-05	1.155910e+00	-6.318309e-04	-3.267082e-04	-3.051227e-04
47.725        	-1.107761e-05	1.155883e+00	-6.275140e-04	-3.248346e-04	-3.026794e-04
47.75         	-1.136155e-05	1.155856e+00	-6.228740e-04	-3.227986e-04	-3.000755e-04
47.775        	-1.164602e-05	1.155828e+00	-6.181766e-04	-3.207343e-04	-2.974423e-04
47.8          	-1.193001e-05	1.155802e+00	-6.132630e-04	-3.185615e-04	-2.947015e-04
47.825        	-1.221281e-05	1.155775e+00	-6.086930e-04	-3.165593e-04	-2.921337e-04
47.85         	-1.249581e-05	1.155748e+00	-6.034399e-04	-3.142157e-04	-2.892241e-04
47.875        	-1.277792e-05	1.155722e+00	-5.984827e-04	-3.120193e-04	-2.864634e-04
47.9          	-1.305902e-05	1.155695e+00	-5.937399e-04	-3.099290e-04	-2.838109e-04
47.925        	-1.334054e-05	1.155668e+00	-5.883918e-04	-3.075365e-04	-2.808554e-04
47.95         	-1.362081e-05	1.155641e+00	-5.833278e-04	-3.052847e-04	-2.780431e-04
47.975        	-1.390115e-05	1.155615e+00	-5.776751e-04	-3.027387e-04	-2.749364e-04
48            	-1.418019e-05	1.155588e+00	-5.725161e-04	-3.004383e-04	-2.720779e-04
48.025        	-1.445863e-05	1.155561e+00	-5.668745e-04	-2.978959e-04	-2.689786e-04
48.05         	-1.473626e-05	1.155535e+00	-5.613511e-04	-2.954118e-04	-2.659393e-04
48.075        	-1.501316e-05	1.155508e+00	-5.556446e-04	-2.928355e-04	-2.628091e-04
48.1          	-1.528926e-05	1.155482e+00	-5.498881e-04	-2.902333e-04	-2.596548e-04
48.125        	-1.556415e-05	1.155456e+00	-5.442975e-04	-2.877129e-04	-2.565846e-04
48.15         	-1.583810e-05	1.155429e+00	-5.384711e-04	-2.850737e-04	-2.533975e-04
48.175        	-1.611283e-05	1.155403e+00	-5.317826e-04	-2.820041e-04	-2.497785e-04
48.2          	-1.638420e-05	1.155376e+00	-5.267557e-04	-2.797620e-04	-2.469936e-04
48.225        	-1.665583e-05	1.155350e+00	-5.202289e-04	-2.767703e-04	-2.434586e-04
48.25         	-1.692588e-05	1.155324e+00	-5.145777e-04	-2.742147e-04	-2.403630e-04
48.275        	-1.719513e-05	1.155297e+00	-5.082858e-04	-2.713380e-04	-2.369477e-04
48.3          	-1.746348e-05	1.155272e+00	-5.020017e-04	-2.684643e-04	-2.335374e-04
48.325        	-1.773114e-05	1.155245e+00	-4.953977e-04	-2.654300e-04	-2.299677e-04
48.35         	-1.799699e-05	1.155219e+00	-4.894528e-04	-2.627234e-04	-2.267294e-04
48.375        	-1.826215e-05	1.155193e+00	-4.828545e-04	-2.596894e-04	-2.231651e-04
48.4          	-1.852647e-05	1.155167e+00	-4.761128e-04	-2.565829e-04	-2.195299e-04
48.425        	-1.878913e-05	1.155141e+00	-4.695626e-04	-2.535704e-04	-2.159921e-04
48.45         	-1.904973e-05	1.155115e+00	-4.631927e-04	-2.506461e-04	-2.125466e-04
48.475        	-1.931024e-05	1.155089e+00	-4.561104e-04	-2.473654e-04	-2.087449e-04
48.5          	-1.956895e-05	1.155062e+00	-4.495304e-04	-2.443342e-04	-2.051963e-04
48.525        	-1.982636e-05	1.155037e+00	-4.425128e-04	-2.410828e-04	-2.014301e-04
48.55         	-2.008231e-05	1.155010e+00	-4.356485e-04	-2.379066e-04	-1.977419e-04
48.575        	-2.033718e-05	1.154985e+00	-4.282760e-04	-2.344752e-04	-1.938008e-04
48.6          	-2.059006e-05	1.154959e+00	-4.213286e-04	-2.312543e-04	-1.900742e-04
48.625        	-2.084122e-05	1.154933e+00	-4.146042e-04	-2.281433e-04	-1.864609e-04
48.65         	-2.109180e-05	1.154907e+00	-4.071441e-04	-2.246638e-04	-1.824802e-04
48.675        	-2.134024e-05	1.154881e+00	-4.002151e-04	-2.214478e-04	-1.787673e-04
48.7          	-2.158751e-05	1.154855e+00	-3.926330e-04	-2.179040e-04	-1.747290e-04
48.725        	-2.183296e-05	1.154830e+00	-3.854334e-04	-2.145497e-04	-1.708837e-04
48.75         	-2.207687e-05	1.154804e+00	-3.779191e-04	-2.110364e-04	-1.668827e-04
48.775        	-2.231942e-05	1.154778e+00	-3.703374e-04	-2.074881e-04	-1.628493e-04
48.8          	-2.256013e-05	1.154753e+00	-3.628654e-04	-2.039928e-04	-1.588726e-04
48.825        	-2.279879e-05	1.154727e+00	-3.554481e-04	-2.005228e-04	-1.549252e-04
48.85         	-2.303629e-05	1.154701e+00	-3.475520e-04	-1.968123e-04	-1.507397e-04
48.875        	-2.327131e-05	1.154676e+00	-3.401897e-04	-1.933661e-04	-1.468235e-04
48.9          	-2.350528e-05	1.154650e+00	-3.320686e-04	-1.895396e-04	-1.425290e-04
48.925        	-2.373721e-05	1.154624e+00	-3.244205e-04	-1.859475e-04	-1.384730e-04
48.95         	-2.396700e-05	1.154599e+00	-3.166312e-04	-1.822826e-04	-1.343486e-04
48.975        	-2.419525e-05	1.154574e+00	-3.086413e-04	-1.785159e-04	-1.301254e-04
49            	-2.442165e-05	1.154548e+00	-3.006286e-04	-1.747359e-04	-1.258926e-04
49.025        	-2.464628e-05	1.154523e+00	-2.922804e-04	-1.707865e-04	-1.214939e-04
49.05         	-2.486812e-05	1.154497e+00	-2.847446e-04	-1.672404e-04	-1.175042e-04
49.075        	-2.508900e-05	1.154472e+00	-2.761107e-04	-1.631443e-04	-1.129663e-04
49.1          	-2.530720e-05	1.154447e+00	-2.682830e-04	-1.594487e-04	-1.088343e-04
49.125        	-2.552386e-05	1.154421e+00	-2.595882e-04	-1.553180e-04	-1.042703e-04
49.15         	-2.573797e-05	1.154396e+00	-2.513179e-04	-1.513969e-04	-9.992096e-05
49.175        	-2.594929e-05	1.154371e+00	-2.431867e-04	-1.475426e-04	-9.564405e-05
49.2          	-2.615951e-05	1.154346e+00	-2.346527e-04	-1.434859e-04	-9.116686e-05
49.225        	-2.636747e-05	1.154321e+00	-2.264334e-04	-1.395842e-04	-8.684923e-05
49.25         	-2.657376e-05	1.154295e+00	-2.175911e-04	-1.353693e-04	-8.222179e-05
49.275        	-2.677769e-05	1.154270e+00	-2.090954e-04	-1.313254e-04	-7.776998e-05
49.3          	-2.697889e-05	1.154245e+00	-2.002134e-04	-1.270856e-04	-7.312783e-05
49.325        	-2.717634e-05	1.154220e+00	-1.924959e-04	-1.234243e-04	-6.907160e-05
49.35         	-2.737324e-05	1.154195e+00	-1.836667e-04	-1.192066e-04	-6.446009e-05
49.375        	-2.756823e-05	1.154170e+00	-1.749396e-04	-1.150380e-04	-5.990157e-05
49.4          	-2.776076e-05	1.154145e+00	-1.660920e-04	-1.108067e-04	-5.528523e-05
49.425        	-2.795066e-05	1.154120e+00	-1.574138e-04	-1.066575e-04	-5.075623e-05
49.45         	-2.813842e-05	1.154095e+00	-1.483374e-04	-1.023071e-04	-4.603026e-05
49.475        	-2.832365e-05	1.154070e+00	-1.393409e-04	-9.799411e-05	-4.134682e-05
49.5          	-2.850630e-05	1.154045e+00	-1.303791e-04	-9.369584e-05	-3.668323e-05
49.525        	-2.868553e-05	1.154020e+00	-1.219089e-04	-8.963996e-05	-3.226890e-05
49.55         	-2.886320e-05	1.153995e+00	-1.129188e-04	-8.532260e-05	-2.759620e-05
49.575        	-2.903903e-05	1.153970e+00	-1.036776e-04	-8.087782e-05	-2.279976e-05
49.6          	-2.921156e-05	1.153946e+00	-9.485568e-05	-7.663940e-05	-1.821628e-05
49.625        	-2.938194e-05	1.153921e+00	-8.545944e-05	-7.211166e-05	-1.334778e-05
49.65         	-2.954958e-05	1.153896e+00	-7.654326e-05	-6.782121e-05	-8.722048e-06
49.675        	-2.971448e-05	1.153871e+00	-6.750787e-05	-6.346842e-05	-4.039459e-06
49.7          	-2.987702e-05	1.153847e+00	-5.817693e-05	-5.896549e-05	7.885558e-07
49.725        	-3.003632e-05	1.153822e+00	-4.923999e-05	-5.465632e-05	5.416329e-06
49.75         	-3.019314e-05	1.153797e+00	-4.007466e-05	-5.023047e-05	1.015581e-05
49.775        	-3.034822e-05	1.153773e+00	-3.025646e-05	-4.547645e-05	1.521999e-05
49.8          	-3.049944e-05	1.153748e+00	-2.139371e-05	-4.119630e-05	1.980258e-05
49.825        	-3.064868e-05	1.153724e+00	-1.162187e-05	-3.645962e-05	2.483775e-05
49.85         	-3.079453e-05	1.153699e+00	-2.600131e-06	-3.209460e-05	2.949447e-05
49.875        	-3.093796e-05	1.153675e+00	6.938628e-06	-2.746864e-05	3.440727e-05
49.9          	-3.107866e-05	1.153650e+00	1.636742e-05	-2.289494e-05	3.926237e-05
49.925        	-3.121651e-05	1.153626e+00	2.592707e-05	-1.825297e-05	4.418004e-05
49.95         	-3.135082e-05	1.153601e+00	3.501861e-05	-1.384151e-05	4.886012e-05
49.975        	-3.148303e-05	1.153577e+00	4.486611e-05	-9.049979e-06	5.391609e-05
50            	-3.161204e-05	1.153552e+00	5.416097e-05	-4.531556e-06	5.869253e-05
50.025        	-3.173803e-05	1.153528e+00	6.368654e-05	1.052347e-07	6.358130e-05
50.05         	-3.186124e-05	1.153504e+00	7.327952e-05	4.778525e-06	6.850100e-05
50.075        	-3.198154e-05	1.153479e+00	8.281944e-05	9.428178e-06	7.339126e-05
50.1          	-3.209887e-05	1.153455e+00	9.245123e-05	1.412675e-05	7.832448e-05
50.125        	-3.221315e-05	1.153431e+00	1.020953e-04	1.883449e-05	8.326080e-05
50.15         	-3.232446e-05	1.153407e+00	1.117174e-04	2.353426e-05	8.818317e-05
50.175        	-3.243262e-05	1.153382e+00	1.213789e-04	2.825685e-05	9.312209e-05
50.2          	-3.253787e-05	1.153358e+00	1.310968e-04	3.301054e-05	9.808628e-05
50.225        	-3.264014e-05	1.153334e+00	1.408894e-04	3.780458e-05	1.030849e-04
50.25         	-3.273905e-05	1.153310e+00	1.505361e-04	4.252902e-05	1.080071e-04
50.275        	-3.283465e-05	1.153286e+00	1.600719e-04	4.720131e-05	1.128706e-04
50.3          	-3.292750e-05	1.153262e+00	1.698770e-04	5.201098e-05	1.178660e-04
50.325        	-3.301702e-05	1.153238e+00	1.794718e-04	5.671890e-05	1.227529e-04
50.35         	-3.310346e-05	1.153214e+00	1.893174e-04	6.155525e-05	1.277622e-04
50.375        	-3.318656e-05	1.153190e+00	1.989635e-04	6.629518e-05	1.326683e-04
50.4          	-3.326665e-05	1.153166e+00	2.088926e-04	7.117967e-05	1.377130e-04
50.425        	-3.334344e-05	1.153142e+00	2.185192e-04	7.591615e-05	1.426030e-04
50.45         	-3.341690e-05	1.153118e+00	2.283758e-04	8.077099e-05	1.476048e-04
50.475        	-3.348705e-05	1.153094e+00	2.379910e-04	8.550843e-05	1.524825e-04
50.5          	-3.355424e-05	1.153070e+00	2.478309e-04	9.036122e-05	1.574697e-04
50.525        	-3.361863e-05	1.153046e+00	2.577715e-04	9.526711e-05	1.625044e-04
50.55         	-3.367852e-05	1.153023e+00	2.676036e-04	1.001233e-04	1.674803e-04
50.575        	-3.373526e-05	1.152999e+00	2.775127e-04	1.050211e-04	1.724916e-04
50.6          	-3.378811e-05	1.152975e+00	2.868433e-04	1.096335e-04	1.772097e-04
50.625        	-3.383919e-05	1.152952e+00	2.969397e-04	1.146307e-04	1.823091e-04
50.65         	-3.388623e-05	1.152927e+00	3.062371e-04	1.192323e-04	1.870048e-04
50.675        	-3.393033e-05	1.152904e+00	3.161975e-04	1.241684e-04	1.920291e-04
50.7          	-3.397089e-05	1.152880e+00	3.258161e-04	1.289372e-04	1.968790e-04
50.725        	-3.400808e-05	1.152857e+00	3.356682e-04	1.338260e-04	2.018422e-04
50.75         	-3.404154e-05	1.152833e+00	3.452566e-04	1.385868e-04	2.066698e-04
50.775        	-3.407170e-05	1.152809e+00	3.550297e-04	1.434432e-04	2.115866e-04
50.8          	-3.409899e-05	1.152786e+00	3.651927e-04	1.484974e-04	2.166953e-04
50.825        	-3.412199e-05	1.152762e+00	3.745739e-04	1.531649e-04	2.214089e-04
50.85         	-3.414230e-05	1.152739e+00	3.847242e-04	1.582198e-04	2.265044e-04
50.875        	-3.415843e-05	1.152715e+00	3.941250e-04	1.629040e-04	2.312209e-04
50.9          	-3.417121e-05	1.152692e+00	4.040712e-04	1.678644e-04	2.362068e-04
50.925        	-3.417982e-05	1.152668e+00	4.132529e-04	1.724466e-04	2.408063e-04
50.95         	-3.418591e-05	1.152645e+00	4.230550e-04	1.773416e-04	2.457134e-04
50.975        	-3.418834e-05	1.152622e+00	4.325204e-04	1.820719e-04	2.504486e-04
51            	-3.418728e-05	1.152598e+00	4.422731e-04	1.869493e-04	2.553238e-04
51.025        	-3.418294e-05	1.152575e+00	4.521115e-04	1.918728e-04	2.602387e-04
51.05         	-3.417459e-05	1.152552e+00	4.615139e-04	1.965824e-04	2.649315e-04
51.075        	-3.416312e-05	1.152528e+00	4.713428e-04	2.015083e-04	2.698345e-04
51.1          	-3.414751e-05	1.152505e+00	4.806258e-04	2.061654e-04	2.744604e-04
51.125        	-3.412846e-05	1.152482e+00	4.901328e-04	2.109380e-04	2.791949e-04
51.15         	-3.410611e-05	1.152459e+00	4.996555e-04	2.157216e-04	2.839339e-04
51.175        	-3.408002e-05	1.152435e+00	5.090456e-04	2.204428e-04	2.886028e-04
51.2          	-3.405048e-05	1.152412e+00	5.186332e-04	2.252661e-04	2.933671e-04
51.225        	-3.401738e-05	1.152389e+00	5.281367e-04	2.300510e-04	2.980857e-04
51.25         	-3.398045e-05	1.152366e+00	5.374835e-04	2.347613e-04	3.027222e-04
51.275        	-3.394002e-05	1.152343e+00	5.468571e-04	2.394885e-04	3.073686e-04
51.3          	-3.389591e-05	1.152320e+00	5.561360e-04	2.441721e-04	3.119639e-04
51.325        	-3.384830e-05	1.152297e+00	5.655852e-04	2.489443e-04	3.166409e-04
51.35         	-3.379683e-05	1.152274e+00	5.747556e-04	2.535810e-04	3.211747e-04
51.375        	-3.374190e-05	1.152251e+00	5.840681e-04	2.582922e-04	3.257760e-04
51.4          	-3.368328e-05	1.152228e+00	5.933488e-04	2.629911e-04	3.303577e-04
51.425        	-3.362084e-05	1.152205e+00	6.024414e-04	2.675998e-04	3.348415e-04
51.45         	-3.355523e-05	1.152182e+00	6.117313e-04	2.723104e-04	3.394209e-04
51.475        	-3.348560e-05	1.152159e+00	6.207425e-04	2.768856e-04	3.438568e-04
51.5          	-3.341236e-05	1.152136e+00	6.298513e-04	2.815133e-04	3.483380e-04
51.525        	-3.333597e-05	1.152113e+00	6.392437e-04	2.862859e-04	3.529578e-04
51.55         	-3.325512e-05	1.152090e+00	6.479453e-04	2.907175e-04	3.572278e-04
51.575        	-3.317112e-05	1.152068e+00	6.571716e-04	2.954147e-04	3.617569e-04
51.6          	-3.308299e-05	1.152045e+00	6.657548e-04	2.997944e-04	3.659604e-04
51.625        	-3.299100e-05	1.152022e+00	6.745441e-04	3.042811e-04	3.702631e-04
51.65         	-3.289629e-05	1.151999e+00	6.837213e-04	3.089644e-04	3.747569e-04
51.675        	-3.279739e-05	1.151977e+00	6.922508e-04	3.133280e-04	3.789228e-04
51.7          	-3.269500e-05	1.151954e+00	7.011814e-04	3.178957e-04	3.832857e-04
51.725        	-3.258888e-05	1.151931e+00	7.098604e-04	3.223413e-04	3.875191e-04
51.75         	-3.247904e-05	1.151909e+00	7.185594e-04	3.268007e-04	3.917587e-04
51.775        	-3.236580e-05	1.151886e+00	7.273888e-04	3.313286e-04	3.960602e-04
51.8          	-3.224836e-05	1.151864e+00	7.357500e-04	3.356266e-04	4.001234e-04
51.825        	-3.212754e-05	1.151841e+00	7.443144e-04	3.400296e-04	4.042847e-04
51.85         	-3.200317e-05	1.151818e+00	7.528967e-04	3.444452e-04	4.084515e-04
51.875        	-3.187498e-05	1.151796e+00	7.612824e-04	3.487662e-04	4.125162e-04
51.9          	-3.174299e-05	1.151773e+00	7.694970e-04	3.530055e-04	4.164915e-04
51.925        	-3.160756e-05	1.151751e+00	7.778387e-04	3.573118e-04	4.205269e-04
51.95         	-3.146867e-05	1.151729e+00	7.862903e-04	3.616765e-04	4.246138e-04
51.975        	-3.132565e-05	1.151706e+00	7.942616e-04	3.658052e-04	4.284564e-04
52            	-3.117941e-05	1.151684e+00	8.025537e-04	3.700974e-04	4.324563e-04
52.025        	-3.102929e-05	1.151661e+00	8.105706e-04	3.742560e-04	4.363146e-04
52.05         	-3.087541e-05	1.151639e+00	8.186324e-04	3.784408e-04	4.401916e-04
52.075        	-3.071831e-05	1.151617e+00	8.267300e-04	3.826467e-04	4.440833e-04
52.1          	-3.055748e-05	1.151594e+00	8.345928e-04	3.867389e-04	4.478539e-04
52.125        	-3.039295e-05	1.151572e+00	8.424966e-04	3.908554e-04	4.516413e-04
52.15         	-3.022505e-05	1.151550e+00	8.504498e-04	3.949999e-04	4.554499e-04
52.175        	-3.005291e-05	1.151528e+00	8.577917e-04	3.988430e-04	4.589488e-04
52.2          	-2.987778e-05	1.151505e+00	8.656226e-04	4.029335e-04	4.626891e-04
52.225        	-2.969877e-05	1.151483e+00	8.730389e-04	4.068207e-04	4.662182e-04
52.25         	-2.951634e-05	1.151461e+00	8.806798e-04	4.108235e-04	4.698562e-04
52.275        	-2.933050e-05	1.151439e+00	8.882839e-04	4.148115e-04	4.734725e-04
52.3          	-2.914093e-05	1.151417e+00	8.957145e-04	4.187163e-04	4.769982e-04
52.325        	-2.894819e-05	1.151395e+00	9.032695e-04	4.226865e-04	4.805829e-04
52.35         	-2.875075e-05	1.151372e+00	9.100295e-04	4.262640e-04	4.837655e-04
52.375        	-2.855043e-05	1.151351e+00	9.175134e-04	4.302063e-04	4.873072e-04
52.4          	-2.834622e-05	1.151328e+00	9.243813e-04	4.338444e-04	4.905369e-04
52.425        	-2.813919e-05	1.151307e+00	9.315149e-04	4.376183e-04	4.938966e-04
52.45         	-2.792884e-05	1.151285e+00	9.385733e-04	4.413578e-04	4.972155e-04
52.475        	-2.771437e-05	1.151263e+00	9.452272e-04	4.448992e-04	5.003280e-04
52.5          	-2.749686e-05	1.151241e+00	9.523837e-04	4.486950e-04	5.036887e-04
52.525        	-2.727585e-05	1.151219e+00	9.590652e-04	4.522567e-04	5.068084e-04
52.55         	-2.705078e-05	1.151197e+00	9.656014e-04	4.557499e-04	5.098515e-04
52.575        	-2.682290e-05	1.151175e+00	9.723103e-04	4.593323e-04	5.129781e-04
52.6          	-2.659125e-05	1.151153e+00	9.786508e-04	4.627342e-04	5.159167e-04
52.625        	-2.635646e-05	1.151131e+00	9.852127e-04	4.662499e-04	5.189628e-04
52.65         	-2.611819e-05	1.151110e+00	9.915372e-04	4.696504e-04	5.218868e-04
52.675        	-2.587681e-05	1.151088e+00	9.978796e-04	4.730630e-04	5.248166e-04
52.7          	-2.563124e-05	1.151066e+00	1.004144e-03	4.764409e-04	5.277034e-04
52.725        	-2.538217e-05	1.151044e+00	1.010038e-03	4.796367e-04	5.304011e-04
52.75         	-2.513067e-05	1.151023e+00	1.016281e-03	4.830096e-04	5.332710e-04
52.775        	-2.487606e-05	1.151001e+00	1.022402e-03	4.863250e-04	5.360772e-04
52.8          	-2.461729e-05	1.150979e+00	1.027959e-03	4.893620e-04	5.385966e-04
52.825        	-2.435562e-05	1.150958e+00	1.033771e-03	4.925298e-04	5.412411e-04
52.85         	-2.409072e-05	1.150936e+00	1.039410e-03	4.956145e-04	5.437959e-04
52.875        	-2.382243e-05	1.150914e+00	1.044978e-03	4.986666e-04	5.463115e-04
52.9          	-2.355105e-05	1.150893e+00	1.050463e-03	5.016803e-04	5.487824e-04
52.925        	-2.327615e-05	1.150871e+00	1.055868e-03	5.046578e-04	5.512101e-04
52.95         	-2.299835e-05	1.150850e+00	1.061296e-03	5.076497e-04	5.536464e-04
52.975        	-2.271755e-05	1.150828e+00	1.066588e-03	5.105765e-04	5.560116e-04
